Symbol,Date,Open,High,Low,Close,Volume
AAL,22-Mar-2019,31.32,31.44,30.53,30.57,7488900
AAME,22-Mar-2019,2.65,2.65,2.65,2.65,100
AAOI,22-Mar-2019,13.72,13.74,12.66,12.71,1105700
AAON,22-Mar-2019,43.86,44.35,42.29,42.38,193300
AAPL,22-Mar-2019,195.34,197.69,190.78,191.05,42407600
AAWW,22-Mar-2019,48.56,48.7,46.58,46.7,297500
AAXJ,22-Mar-2019,70.49,70.56,69.56,69.56,1846400
AAXN,22-Mar-2019,54.11,55.08,52,52.05,785100
ABCB,22-Mar-2019,34.57,34.72,33.02,33.49,512600
ABEO,22-Mar-2019,8.27,8.27,7.48,7.52,578900
ABIO,22-Mar-2019,7.2018,7.3782,6.66,7.02,392000
ABMD,22-Mar-2019,334.24,337.39,322.87,323.21,406000
ABTX,22-Mar-2019,34.12,34.12,32.08,32.27,185100
ABUS,22-Mar-2019,3.7,3.76,3.52,3.53,139900
ACAD,22-Mar-2019,27.05,27.38,25.97,26.1,1464300
ACAMU,22-Mar-2019,9.96,9.97,9.96,9.96,10300
ACBI,22-Mar-2019,17.55,17.55,16.69,16.84,168800
ACER,22-Mar-2019,23.52,23.52,22.53,22.9,22300
ACGL,22-Mar-2019,32.07,32.33,31.888,32.06,1066800
ACGLO,22-Mar-2019,23.72,23.74,23.6201,23.72,24100
ACGLP,22-Mar-2019,22.95,22.98,22.91,22.98,24000
ACHC,22-Mar-2019,31.13,31.13,30.02,30.06,475500
ACHV,22-Mar-2019,2.95,3.0064,2.82,2.83,255500
ACIA,22-Mar-2019,57.67,58.11,54.37,54.8,1393800
ACIU,22-Mar-2019,4.52,5.2,4.52,4.76,1612000
ACIW,22-Mar-2019,33.07,33.37,32.17,32.18,544000
ACLS,22-Mar-2019,20.83,20.9148,19.8,19.97,184600
ACMR,22-Mar-2019,16.26,16.32,14.28,14.48,159100
ACNB,22-Mar-2019,36.21,36.21,35,35.04,12500
ACOR,22-Mar-2019,14.01,14.04,13.09,13.13,708000
ACRS,22-Mar-2019,6.18,6.25,5.9602,6.12,436900
ACRX,22-Mar-2019,3.22,3.2887,3.12,3.16,1738400
ACST,22-Mar-2019,1.05,1.07,1.03,1.05,368500
ACT,22-Mar-2019,25.64,25.64,25.185,25.185,14900
ACTG,22-Mar-2019,3.16,3.19,3.11,3.14,561600
ACWI,22-Mar-2019,72.24,72.345,71.33,71.34,4214500
ACWX,22-Mar-2019,46.28,46.37,45.83,45.83,1830400
ADAP,22-Mar-2019,3.83,3.83,3.6,3.63,235800
ADBE,22-Mar-2019,263.47,264.64,259.52,259.69,3454000
ADES,22-Mar-2019,11.13,11.25,10.81,10.84,170500
ADI,22-Mar-2019,109.79,109.99,107.32,107.4,2300100
ADIL,22-Mar-2019,3.1,3.13,2.85,3.01,139000
ADILW,22-Mar-2019,0.45,0.45,0.31,0.31,2600
ADMA,22-Mar-2019,3.55,3.64,3.2901,3.31,624500
ADMP,22-Mar-2019,2.25,2.25,2.14,2.14,431900
ADMS,22-Mar-2019,7.95,7.99,7.66,7.66,293200
ADP,22-Mar-2019,154.93,155.3,153.65,153.81,1659700
ADRE,22-Mar-2019,40.9,40.9,40.45,40.46,4800
ADRO,22-Mar-2019,3.85,3.93,3.67,3.67,317500
ADSK,22-Mar-2019,158,158.82,153.9449,154.22,1858200
ADTN,22-Mar-2019,14.53,14.66,14.04,14.04,297700
ADUS,22-Mar-2019,66,66.55,63,63.04,84300
ADVM,22-Mar-2019,5.95,5.99,5.26,5.51,1346600
ADXS,22-Mar-2019,7.5,7.5,6.645,7.2,2106500
AEGN,22-Mar-2019,17.01,17.23,16.69,16.69,202700
AEHR,22-Mar-2019,1.37,1.41,1.37,1.4,9800
AEIS,22-Mar-2019,50.3,50.79,48.6276,48.85,229700
AEMD,22-Mar-2019,1.015,1.015,0.9692,1,11400
AERI,22-Mar-2019,48.72,49.4,45.79,46.82,655800
AEY,22-Mar-2019,1.39,1.39,1.32,1.35,15800
AEYE,22-Mar-2019,10.02,10.157,9.52,9.55,36900
AEZS,22-Mar-2019,4.23,4.25,3.97,4.14,204500
AFH,22-Mar-2019,2.39,2.55,2.3216,2.52,366600
AFIN,22-Mar-2019,11.11,11.15,10.68,10.75,422000
AFMD,22-Mar-2019,4.16,4.18,3.98,4,1050700
AGEN,22-Mar-2019,2.96,2.97,2.79,2.82,1228900
AGFS,22-Mar-2019,3.46,3.5,3.1902,3.31,157000
AGFSW,22-Mar-2019,0.084,0.084,0.075,0.075,800
AGIO,22-Mar-2019,65.56,65.56,62.2,62.29,352300
AGLE,22-Mar-2019,8.11,8.148,7.73,7.75,460100
AGMH,22-Mar-2019,21.03,21.38,20.25,20.81,2200
AGNC,22-Mar-2019,18.11,18.165,17.99,18,4178800
AGNCM,22-Mar-2019,25.1,25.11,24.96,24.98,99800
AGNCN,22-Mar-2019,26.1,26.17,26.03,26.15,13200
AGRX,22-Mar-2019,1.56,1.57,1.45,1.48,414000
AGTC,22-Mar-2019,4.36,4.39,4.06,4.17,76700
AGYS,22-Mar-2019,21.11,21.25,20.78,20.89,105600
AGZD,22-Mar-2019,47.77,47.8679,47.6679,47.67,16700
AHPI,22-Mar-2019,1.73,1.82,1.7211,1.76,7000
AIA,22-Mar-2019,61.37,61.37,60.5853,60.59,19400
AIHS,22-Mar-2019,4.5,4.69,4.45,4.69,22300
AIMC,22-Mar-2019,31.97,31.97,29.86,30.19,1174200
AIMT,22-Mar-2019,22.01,22.14,21.44,21.48,618500
AINV,22-Mar-2019,15.29,15.33,15.1,15.13,860200
AIQ,22-Mar-2019,16.03,16.03,15.67,15.67,31000
AIRG,22-Mar-2019,12.75,12.8238,12.3301,12.71,60200
AIRR,22-Mar-2019,24.58,24.581,23.78,23.78,14400
AIRT,22-Mar-2019,30.15,30.15,30.15,30.15,0
AKAM,22-Mar-2019,73.09,73.4295,71.16,71.23,1025900
AKBA,22-Mar-2019,8.65,8.97,8.38,8.39,1238500
AKCA,22-Mar-2019,29.31,29.9,27.7,27.85,212300
AKER,22-Mar-2019,1.09,1.14,1.05,1.08,408100
AKTS,22-Mar-2019,6.76,6.81,6.43,6.53,185000
AKTX,22-Mar-2019,3.99,4.3,3.85,4.1,537700
ALAC,22-Mar-2019,9.91,9.91,9.91,9.91,0
ALACR,22-Mar-2019,0.17,0.17,0.17,0.17,0
ALACU,22-Mar-2019,10.17,10.17,10.17,10.17,0
ALACW,22-Mar-2019,0.1,0.1,0.1,0.1,1000
ALBO,22-Mar-2019,29.54,29.65,27.87,28.4,33100
ALCO,22-Mar-2019,27.7,27.72,27.08,27.18,9500
ALDX,22-Mar-2019,7.77,7.9508,7.05,7.45,424900
ALEC,22-Mar-2019,18.4,18.5755,17.85,18.05,217200
ALGN,22-Mar-2019,279.64,279.64,269.23,269.62,1240800
ALGT,22-Mar-2019,126.33,126.42,121.51,122.15,158600
ALIM,22-Mar-2019,1.04,1.07,1.04,1.04,95800
ALJJ,22-Mar-2019,1.65,1.7,1.65,1.7,1300
ALKS,22-Mar-2019,34.74,34.81,33.79,33.96,925100
ALLK,22-Mar-2019,37.77,38.39,36.3,36.3,271400
ALLO,22-Mar-2019,27.14,27.2973,25.53,25.55,1027800
ALLT,22-Mar-2019,7.97,7.979,7.65,7.69,53700
ALNA,22-Mar-2019,6.98,7.27,6.97,6.97,31100
ALNY,22-Mar-2019,90.07,90.45,84.29,84.52,764400
ALOT,22-Mar-2019,19.82,20.01,19.47,19.92,10000
ALPN,22-Mar-2019,7.17,7.17,6.8001,6.85,5000
ALRM,22-Mar-2019,62.66,63.09,61,61.09,289100
ALRN,22-Mar-2019,1.93,1.9702,1.86,1.94,79900
ALSK,22-Mar-2019,1.86,1.91,1.8,1.8,45300
ALT,22-Mar-2019,2.94,3.0799,2.81,2.84,1271900
ALTM,22-Mar-2019,6.24,6.33,5.96,6.2,279500
ALTR,22-Mar-2019,37.92,37.92,36.11,36.19,146400
ALTY,22-Mar-2019,14.8009,14.83,14.7421,14.7421,12900
ALXN,22-Mar-2019,133.86,134.9,130.1,130.21,1512000
ALYA,22-Mar-2019,2.88,2.9,2.83,2.88,18200
AMAG,22-Mar-2019,12.7,12.79,12.15,12.16,615500
AMAL,22-Mar-2019,16.41,16.53,14.58,15,90300
AMAT,22-Mar-2019,41.04,41.21,39.81,39.86,9468200
AMBA,22-Mar-2019,44.07,44.19,42.45,42.55,505300
AMCA,22-Mar-2019,27.5723,27.5723,27.5723,27.5723,0
AMCI,22-Mar-2019,9.82,9.82,9.82,9.82,0
AMCIU,22-Mar-2019,10.09,10.15,10.09,10.15,1900
AMCIW,22-Mar-2019,0.28,0.28,0.28,0.28,90500
AMCX,22-Mar-2019,57.39,57.39,55.85,56.32,637300
AMD,22-Mar-2019,27.54,27.75,26.33,26.37,115323200
AMED,22-Mar-2019,125.99,127.2,122.57,122.6,228400
AMEH,22-Mar-2019,18.9,18.99,18.5,18.74,26200
AMGN,22-Mar-2019,190.96,192.865,186.55,186.7,3144700
AMKR,22-Mar-2019,8.84,8.88,8.62,8.66,1160700
AMNB,22-Mar-2019,34.49,34.64,32.93,32.96,11800
AMOT,22-Mar-2019,39.65,39.65,36.82,37.35,61200
AMPH,22-Mar-2019,20.76,21,20.03,20.16,257000
AMRB,22-Mar-2019,13.02,13.02,13.02,13.02,0
AMRH,22-Mar-2019,0.41,0.4476,0.392,0.43,3854000
AMRHW,22-Mar-2019,0.0749,0.0749,0.0749,0.0749,0
AMRK,22-Mar-2019,12.35,12.35,12.35,12.35,0
AMRN,22-Mar-2019,18.8,19.367,17.48,17.51,8340300
AMRS,22-Mar-2019,2.8,2.8,2.17,2.26,6227700
AMSC,22-Mar-2019,12.86,13.0742,12.11,12.14,548400
AMSF,22-Mar-2019,59.34,59.59,58.19,58.27,76000
AMSWA,22-Mar-2019,11.61,11.69,11.28,11.39,97600
AMTB,22-Mar-2019,14.37,14.37,13.8001,14.18,12100
AMTBB,22-Mar-2019,12.3716,12.3716,12.3716,12.3716,0
AMTD,22-Mar-2019,51.59,51.8,48.985,49.7,6091100
AMTX,22-Mar-2019,0.8502,0.9,0.8062,0.9,44500
AMWD,22-Mar-2019,77.7,77.7099,75.6,75.98,146900
AMZN,22-Mar-2019,1810.17,1818.98,1763.11,1764.77,6362900
ANAB,22-Mar-2019,75,75.17,70.86,71.17,250800
ANAT,22-Mar-2019,127.37,127.37,120.65,123.08,73000
ANCN,22-Mar-2019,6.96,6.96,6.8,6.96,10200
ANDA,22-Mar-2019,9.73,9.73,9.73,9.73,0
ANDAR,22-Mar-2019,0.3008,0.3008,0.225,0.3,1000
ANDAU,22-Mar-2019,10.1301,10.1301,10.1301,10.1301,2500
ANDAW,22-Mar-2019,0.2,0.2,0.2,0.2,300
ANDE,22-Mar-2019,33.85,33.955,32.64,32.64,93600
ANGI,22-Mar-2019,16.48,16.86,16.4,16.53,528700
ANGO,22-Mar-2019,22.24,22.32,21.75,21.83,197600
ANIK,22-Mar-2019,29.84,30.13,29.35,29.42,162000
ANIP,22-Mar-2019,64.08,66.92,63.52,65.97,159300
ANIX,22-Mar-2019,4.78,4.97,4.63,4.69,71700
ANSS,22-Mar-2019,182.03,182.45,177.1,177.18,508300
ANY,22-Mar-2019,2.72,2.72,2.5,2.54,101000
AOSL,22-Mar-2019,10.92,10.99,10.28,10.36,101800
APDN,22-Mar-2019,0.68,0.68,0.55,0.5886,274500
APEI,22-Mar-2019,30.93,31.15,30.07,30.1,60700
APEN,22-Mar-2019,3.76,4,3.65,4,5500
APLS,22-Mar-2019,19.62,19.77,18.74,18.9,841400
APM,22-Mar-2019,13.1,13.2,13.09,13.17,5300
APOG,22-Mar-2019,36.03,36.2,34.99,35.22,256400
APOP,22-Mar-2019,1.07,1.08,0.98,0.9913,373900
APOPW,22-Mar-2019,0.2,0.2,0.2,0.2,0
APPF,22-Mar-2019,77.75,78.05,75.44,75.75,161100
APPN,22-Mar-2019,35.89,36,34.485,34.71,457000
APPS,22-Mar-2019,3.77,3.78,3.45,3.6,1195700
APTO,22-Mar-2019,2.43,2.45,2.25,2.32,494800
APTX,22-Mar-2019,3.98,4.49,3.98,4.36,632700
APVO,22-Mar-2019,0.85,0.9497,0.82,0.91,2177600
APWC,22-Mar-2019,2.317,2.317,2.317,2.317,0
APYX,22-Mar-2019,7.72,7.99,7.63,7.63,155400
AQB,22-Mar-2019,2.25,2.34,2.24,2.28,404500
AQMS,22-Mar-2019,3.61,3.68,3.44,3.46,493100
AQST,22-Mar-2019,6.83,6.97,6.22,6.22,72600
ARAV,22-Mar-2019,7.84,8.28,7.82,8.2648,43200
ARAY,22-Mar-2019,4.78,4.89,4.71,4.71,663000
ARCB,22-Mar-2019,31.71,31.7132,30.74,30.78,278100
ARCC,22-Mar-2019,17.02,17.12,16.94,17,1893100
ARCE,22-Mar-2019,30.01,31.3,29.975,30.94,90600
ARCT,22-Mar-2019,5.36,5.4,5.01,5.16,38200
ARDS,22-Mar-2019,10.12,11.59,9.76,11.59,6100
ARDX,22-Mar-2019,3.21,3.45,3.2,3.35,267500
AREC,22-Mar-2019,4.3656,4.3656,4,4.2,6400
ARGX,22-Mar-2019,131.23,131.8,122.9,125.54,215400
ARKR,22-Mar-2019,19.35,19.35,19,19.25,7600
ARLP,22-Mar-2019,20.41,20.63,20.15,20.2,269900
ARNA,22-Mar-2019,45.38,45.545,43.09,43.23,562500
AROW,22-Mar-2019,32.57,33.34,31.58,31.6,20900
ARPO,22-Mar-2019,1.08,1.12,1.04,1.12,868700
ARTNA,22-Mar-2019,38.97,39.2,37.87,37.87,18800
ARTW,22-Mar-2019,1.9601,2.03,1.9598,2.03,12300
ARVN,22-Mar-2019,16.81,17.505,15.25,15.76,62700
ARWR,22-Mar-2019,18.96,19.25,17.77,17.77,1632300
ARYA,22-Mar-2019,9.81,9.81,9.81,9.81,1800
ASET,22-Mar-2019,28.7501,28.7501,28.68,28.71,400
ASFI,22-Mar-2019,4.35,4.35,4.27,4.27,1000
ASLN,22-Mar-2019,4.34,4.34,4.13,4.13,3700
ASMB,22-Mar-2019,18.95,19.2,18.03,18.2,359600
ASML,22-Mar-2019,191.36,191.89,187.4451,187.75,937000
ASNA,22-Mar-2019,1.05,1.11,1.02,1.07,5708800
ASND,22-Mar-2019,122.51,124.2405,116.32,119.07,338800
ASPS,22-Mar-2019,26.25,26.51,24.37,24.37,50600
ASPU,22-Mar-2019,5.7799,5.7799,5.3093,5.39,23800
ASRT,22-Mar-2019,4.79,5.01,4.7502,4.87,743400
ASRV,22-Mar-2019,4.09,4.09,3.98,4.02,34200
ASRVP,22-Mar-2019,29.3841,29.4143,29.27,29.4143,2400
ASTC,22-Mar-2019,3.771,3.87,3.7403,3.86,10600
ASTE,22-Mar-2019,38.58,38.64,36.33,36.51,258200
ASUR,22-Mar-2019,6.34,6.49,6.17,6.28,238700
ASYS,22-Mar-2019,5.332,5.34,5.1607,5.22,42500
ATAX,22-Mar-2019,6.81,6.82,6.75,6.8,144800
ATEC,22-Mar-2019,2.7,2.7,2.52,2.64,339900
ATHX,22-Mar-2019,1.6,1.6825,1.51,1.52,728800
ATLC,22-Mar-2019,3.6299,3.6299,3.545,3.56,3000
ATLO,22-Mar-2019,27.45,27.57,26.5,26.5,12300
ATNI,22-Mar-2019,55.65,56.28,54.31,55.15,67900
ATNX,22-Mar-2019,12.61,12.67,12.26,12.26,301600
ATOM,22-Mar-2019,3.26,3.41,3.04,3.05,10100
ATOS,22-Mar-2019,3.66,3.9772,3.58,3.68,957700
ATRA,22-Mar-2019,39.57,40.05,37.34,37.44,365600
ATRC,22-Mar-2019,28.5,28.5,27.52,28,296000
ATRI,22-Mar-2019,847,851.99,837.0247,841.7,5200
ATRO,22-Mar-2019,31.6,31.61,30.325,30.36,91500
ATRS,22-Mar-2019,3.29,3.34,3.11,3.12,1277800
ATSG,22-Mar-2019,21.78,21.87,21.16,21.16,647700
ATVI,22-Mar-2019,48.31,48.45,46.28,46.87,11117600
ATXI,22-Mar-2019,5.4,5.41,5.2601,5.38,6900
AUBN,22-Mar-2019,37.96,41.5,37.47,37.84,9500
AUDC,22-Mar-2019,13.83,13.83,12.81,13.04,276100
AUPH,22-Mar-2019,6.67,6.84,6.47,6.47,1026800
AUTL,22-Mar-2019,25.2,25.47,24.2,24.38,27200
AUTO,22-Mar-2019,4.22,4.52,4.22,4.28,22600
AVAV,22-Mar-2019,70.12,70.19,67.2564,67.69,222000
AVCO,22-Mar-2019,5.29,5.2999,5.1,5.15,90900
AVDL,22-Mar-2019,1.57,1.59,1.47,1.48,192100
AVEO,22-Mar-2019,0.615,0.6214,0.57,0.5801,2074300
AVGO,22-Mar-2019,295.92,296.4368,291.4,292.65,2330900
AVGR,22-Mar-2019,9.2,9.28,8.5,8.847,3501200
AVID,22-Mar-2019,7.15,7.37,6.85,6.96,582600
AVNW,22-Mar-2019,13.25,13.4799,13.1594,13.4799,4800
AVRO,22-Mar-2019,19,19.43,18.16,18.2,173100
AVT,22-Mar-2019,43.79,43.81,42.09,42.12,437600
AVXL,22-Mar-2019,3.15,3.19,3.01,3.08,335900
AWRE,22-Mar-2019,3.71,3.72,3.71,3.72,800
AXAS,22-Mar-2019,1.4,1.4145,1.305,1.33,1511400
AXDX,22-Mar-2019,20.36,20.61,19.19,19.89,223400
AXGN,22-Mar-2019,21.9,21.94,20.25,20.41,419900
AXGT,22-Mar-2019,11.36,11.52,10.88,11.12,1365600
AXNX,22-Mar-2019,24.1,24.4604,22.61,23.24,86000
AXSM,22-Mar-2019,13.35,13.47,12.51,13,1119700
AXTI,22-Mar-2019,4.37,4.41,4.27,4.35,249400
AY,22-Mar-2019,19.45,19.76,19.43,19.6,520000
AYTU,22-Mar-2019,1.87,1.95,1.73,1.79,738200
AZPN,22-Mar-2019,105.32,105.58,102.5,102.52,460400
AZRX,22-Mar-2019,2.26,2.323,2.2,2.27,47000
BAND,22-Mar-2019,68.66,68.9,66.03,66.4,359700
BANF,22-Mar-2019,52.6,52.66,50.3,50.38,64100
BANFP,22-Mar-2019,27.2534,27.2695,27.2534,27.2695,1000
BANR,22-Mar-2019,53.21,53.235,51.01,51.97,239100
BANX,22-Mar-2019,21,22.43,20.9442,21.89,49200
BASI,22-Mar-2019,2.08,2.08,1.89,2,17400
BATRA,22-Mar-2019,28.42,28.64,28.08,28.11,39500
BATRK,22-Mar-2019,28.52,28.565,27.97,27.98,88800
BBBY,22-Mar-2019,13.85,13.9,13.61,13.7,3856300
BBCP,22-Mar-2019,10,10.2,9.11,10.2,9900
BBGI,22-Mar-2019,3.94,3.969,3.81,3.81,26100
BBH,22-Mar-2019,128.24,128.67,125.34,125.42,25000
BBSI,22-Mar-2019,77.5,77.67,73.84,74.5,40600
BCBP,22-Mar-2019,12.85,12.85,12.35,12.35,37800
BCLI,22-Mar-2019,4.09,4.16,4.0225,4.11,113200
BCML,22-Mar-2019,22.09,22.43,20.5525,20.8,21800
BCOM,22-Mar-2019,2.29,2.295,2.11,2.19,13000
BCOR,22-Mar-2019,33.75,33.88,32.42,32.59,327100
BCOV,22-Mar-2019,8.39,8.39,8.07,8.15,137200
BCOW,22-Mar-2019,9.7,9.71,9.66,9.71,1800
BCPC,22-Mar-2019,94.75,94.94,90.68,90.76,141900
BCRX,22-Mar-2019,7.85,7.9,7.38,7.38,518700
BCTF,22-Mar-2019,15.47,15.5,14.79,14.89,5900
BDGE,22-Mar-2019,29.25,29.28,27.53,27.56,203900
BDSI,22-Mar-2019,5.24,5.31,5.07,5.11,841400
BEAT,22-Mar-2019,68.06,68.86,63.8922,64.07,582700
BECN,22-Mar-2019,34.33,34.5124,33.31,33.32,746800
BELFA,22-Mar-2019,21.28,21.28,20.8,21,1200
BELFB,22-Mar-2019,26.85,26.85,26.01,26.09,20300
BFC,22-Mar-2019,59,59,57.7,58.88,1500
BFIN,22-Mar-2019,14.78,14.83,14.275,14.32,68400
BFIT,22-Mar-2019,19.15,19.15,19.15,19.15,300
BFRA,22-Mar-2019,12.48,12.48,12.48,12.48,400
BFST,22-Mar-2019,25.03,25.69,22.4275,22.59,43700
BGCP,22-Mar-2019,5.52,5.55,5.33,5.35,2685300
BGFV,22-Mar-2019,3.5,3.55,3.23,3.23,198900
BGNE,22-Mar-2019,135.75,135.75,124.13,124.46,273700
BGRN,22-Mar-2019,52.55,52.55,52.55,52.55,600
BHF,22-Mar-2019,37.74,37.8486,35.5,35.54,1948700
BHFAL,22-Mar-2019,24.96,24.9647,24.6,24.82,63000
BHTG,22-Mar-2019,2.45,2.4857,2.3,2.357,9800
BIB,22-Mar-2019,55.03,55.47,51.9735,52.03,195100
BICK,22-Mar-2019,27.1,27.2729,26.7,26.7,1100
BIDU,22-Mar-2019,170.72,170.8862,165.98,166.73,2264700
BIIB,22-Mar-2019,225.1,226.8,216.49,216.71,8490800
BILI,22-Mar-2019,17.6,17.69,17.2,17.21,4250800
BIMI,22-Mar-2019,6.54,7,6.25,7,76500
BIOC,22-Mar-2019,1.05,1.06,0.99,1.04,1831400
BIOL,22-Mar-2019,2.39,2.43,2.31,2.36,23400
BIS,22-Mar-2019,16.87,17.8549,16.8403,17.83,155100
BJRI,22-Mar-2019,45.85,45.96,45.06,45.4,479800
BKCC,22-Mar-2019,6.03,6.05,5.97,6,269800
BKEP,22-Mar-2019,1.1,1.1,1.0301,1.06,705200
BKEPP,22-Mar-2019,5.0501,5.1057,5.05,5.1,21400
BKNG,22-Mar-2019,1754.04,1761.18,1711.085,1721.59,656300
BKSC,22-Mar-2019,18.27,18.27,18.12,18.12,2200
BKYI,22-Mar-2019,1.2,1.26,1.2,1.24,20800
BL,22-Mar-2019,48.47,48.645,46.1975,47.05,538100
BLBD,22-Mar-2019,17.32,17.32,16.73,17,105600
BLCM,22-Mar-2019,3.71,3.86,3.65,3.66,497100
BLCN,22-Mar-2019,22.87,22.87,22.56,22.56,7000
BLDP,22-Mar-2019,3.15,3.15,2.99,3.07,634500
BLDR,22-Mar-2019,13.07,13.18,12.545,12.55,586700
BLFS,22-Mar-2019,21.24,22.44,19.45,19.53,322800
BLIN,22-Mar-2019,10.825,10.825,10.3,10.45,206700
BLKB,22-Mar-2019,80.17,80.8,76.04,76.1,291800
BLMN,22-Mar-2019,19.74,19.85,19.38,19.53,1166500
BLNK,22-Mar-2019,2.97,2.9899,2.8,2.88,434000
BLNKW,22-Mar-2019,1.4,1.419,1.3,1.3,27700
BLPH,22-Mar-2019,0.735,0.76,0.6955,0.72,410700
BLRX,22-Mar-2019,7.05,7.122,6.6,6.7065,1103900
BLUE,22-Mar-2019,155.27,156.94,146.135,146.64,541000
BMCH,22-Mar-2019,17.55,17.635,16.89,16.9,471400
BMLP,22-Mar-2019,49.41,49.41,49.41,49.41,100
BMRA,22-Mar-2019,2.65,2.65,2.5,2.5173,4900
BMRC,22-Mar-2019,40.57,40.8,38.74,39.11,34200
BMRN,22-Mar-2019,90.25,90.83,87.965,88.05,1009700
BMTC,22-Mar-2019,36.19,36.29,34.5,34.51,63500
BND,22-Mar-2019,80.82,80.98,80.75,80.93,2734000
BNDW,22-Mar-2019,76.61,76.64,76.595,76.6025,3600
BNDX,22-Mar-2019,55.71,55.75,55.69,55.71,1468400
BNFT,22-Mar-2019,46.99,47.17,44.96,45.18,343600
BNGO,22-Mar-2019,4.74,4.74,4.74,4.74,100
BNGOW,22-Mar-2019,1.72,1.7948,1.71,1.71,500
BNSO,22-Mar-2019,2.89,2.89,2.89,2.89,300
BNTC,22-Mar-2019,1.95,1.95,1.95,1.95,100
BOCH,22-Mar-2019,10.76,10.89,10.34,10.4,34200
BOKF,22-Mar-2019,79.87,80,76.91,77.49,199600
BOKFL,22-Mar-2019,25.09,25.16,24.945,25.11,26000
BOMN,22-Mar-2019,25.13,27.1891,24.68,24.71,28300
BOOM,22-Mar-2019,50.21,50.62,47.7625,48.01,108200
BOSC,22-Mar-2019,2.76,2.788,2.67,2.72,82000
BOTJ,22-Mar-2019,14.48,14.79,13.97,13.99,60200
BOTZ,22-Mar-2019,20.18,20.18,19.77,19.77,655100
BOXL,22-Mar-2019,2.8,2.87,2.72,2.78,147200
BPFH,22-Mar-2019,10.76,10.79,10.25,10.4,456600
BPMC,22-Mar-2019,83.97,84.6,78.26,78.58,545200
BPOP,22-Mar-2019,51.06,51.455,49.36,49.92,844200
BPOPM,22-Mar-2019,24.91,25.11,24.91,25.11,800
BPOPN,22-Mar-2019,26.29,26.5,26.27,26.49,7100
BPRN,22-Mar-2019,32.1,32.11,31.09,31.26,12200
BPTH,22-Mar-2019,24.39,24.9,21.2,21.98,4131600
BPY,22-Mar-2019,20.39,20.47,20.2,20.25,1021600
BPYPP,22-Mar-2019,24.75,24.81,24.61,24.8,122600
BREW,22-Mar-2019,15.15,15.23,14.72,14.73,113800
BRID,22-Mar-2019,24.96,25,24.96,25,800
BRKL,22-Mar-2019,14.26,14.33,13.85,13.95,520000
BRKR,22-Mar-2019,39.77,39.86,38.07,38.1,971900
BRKS,22-Mar-2019,30.78,30.99,29.31,29.51,648800
BRPA,22-Mar-2019,10.33,10.33,10.33,10.33,0
BRPAW,22-Mar-2019,0.2,0.2,0.2,0.2,1200
BRQS,22-Mar-2019,4.4525,5.0195,4.4525,4.6733,4300
BRY,22-Mar-2019,11.87,11.91,11.08,11.12,664100
BSET,22-Mar-2019,17.34,17.8,16.86,16.87,33500
BSGM,22-Mar-2019,5.91,6.48,5.9,6.14,65300
BSQR,22-Mar-2019,2.08,2.08,1.9,1.9,20200
BSRR,22-Mar-2019,23.88,23.98,22.675,23.17,56800
BSTC,22-Mar-2019,67.53,67.53,65,65.01,42600
BSVN,22-Mar-2019,15.55,15.5663,15.1,15.1,9200
BTAI,22-Mar-2019,9.25,9.5,8.97,9.18,35000
BTEC,22-Mar-2019,35.67,35.67,34.61,34.7708,1900
BUSE,22-Mar-2019,24.95,24.95,23.56,23.67,241100
BVXV,22-Mar-2019,5.56,5.6,5.3804,5.4,13100
BWB,22-Mar-2019,10.65,10.86,10.15,10.16,102800
BWEN,22-Mar-2019,1.65,1.67,1.61,1.65,7000
BWFG,22-Mar-2019,28.6,28.6,27.25,27.31,39700
BYFC,22-Mar-2019,1.48,1.49,1.39,1.39,2800
BYSI,22-Mar-2019,17.688,17.7222,17.63,17.7222,500
BZUN,22-Mar-2019,37.8,37.88,36.6179,36.65,1262000
CAAS,22-Mar-2019,3.61,3.62,3.4,3.45,49600
CAC,22-Mar-2019,41.08,41.08,39.08,39.1,59100
CACC,22-Mar-2019,446.62,446.9286,429.01,431.86,86600
CACG,22-Mar-2019,30.52,30.5492,30.09,30.09,11300
CAKE,22-Mar-2019,45.35,46.02,45.3,45.64,713500
CALA,22-Mar-2019,6.6,6.71,6.23,6.41,268800
CALM,22-Mar-2019,44.38,44.76,43.75,43.82,154900
CAMP,22-Mar-2019,12.65,12.74,12.235,12.24,347000
CAMT,22-Mar-2019,9.08,9.09,8.85,9.01,86900
CAPR,22-Mar-2019,6.05,6.05,5.55,5.9,164100
CAR,22-Mar-2019,35.16,35.22,32.92,33.23,1411600
CARA,22-Mar-2019,19.49,19.53,18.27,18.3,591500
CARG,22-Mar-2019,38.87,39.03,37.4,37.55,1005900
CARV,22-Mar-2019,3.4,3.4,3.4,3.4,100
CARZ,22-Mar-2019,32.6758,32.7722,32.65,32.65,4100
CASA,22-Mar-2019,9.08,9.26,8.78,8.78,259700
CASH,22-Mar-2019,19.38,19.39,18.47,18.54,396200
CASI,22-Mar-2019,3.31,3.31,3.11,3.11,207100
CASS,22-Mar-2019,47.63,48.175,44.985,45.56,56900
CASY,22-Mar-2019,126.02,126.265,123.72,123.8,363800
CATB,22-Mar-2019,7.39,7.63,7.17,7.3,280700
CATC,22-Mar-2019,81.25,83.2,80.9,80.9,6600
CATH,22-Mar-2019,34.8,34.8,34.37,34.37,4500
CATM,22-Mar-2019,33.79,34.74,33.79,34.35,402200
CATY,22-Mar-2019,33.42,33.5,32.16,32.43,984400
CBAN,22-Mar-2019,16.75,16.75,16.5,16.5,1300
CBAT,22-Mar-2019,1.03,1.05,1.02,1.03,63500
CBAY,22-Mar-2019,12.83,12.83,11.92,11.93,1234800
CBFV,22-Mar-2019,24.4,24.47,23.8,23.92,7300
CBIO,22-Mar-2019,9.1,9.12,8.51,8.51,109400
CBLI,22-Mar-2019,1.63,1.72,1.58,1.62,8200
CBMB,22-Mar-2019,13.0238,13.0238,13.0238,13.0238,1200
CBMG,22-Mar-2019,16.87,17.12,16.595,16.77,81900
CBNK,22-Mar-2019,11.15,11.5,11.15,11.15,6800
CBPO,22-Mar-2019,88.19,88.6572,86.76,87.23,230400
CBRL,22-Mar-2019,157.39,160.66,157.02,159.8,555600
CBSH,22-Mar-2019,58.08,58.23,56.11,56.12,629800
CBSHP,22-Mar-2019,26.01,26.14,25.96,26.13,16600
CBTX,22-Mar-2019,31.6,31.6,29.88,30.39,50200
CCB,22-Mar-2019,16.1,16.353,15.25,15.41,16800
CCBG,22-Mar-2019,22.02,22.14,21.04,21.25,36500
CCCL,22-Mar-2019,1.65,1.6504,1.6,1.62,100600
CCD,22-Mar-2019,20.29,20.44,19.95,20,93300
CCLP,22-Mar-2019,2.83,2.85,2.67,2.7,213300
CCMP,22-Mar-2019,114.69,114.915,110.58,110.65,227200
CCNE,22-Mar-2019,25.14,26,24.27,24.34,24700
CCOI,22-Mar-2019,52.68,53.02,51.53,51.97,272700
CCRC,22-Mar-2019,11,11.22,11,11.01,2500
CCRN,22-Mar-2019,7.27,7.31,6.95,7.02,279200
CCXI,22-Mar-2019,10.52,11.04,10.45,10.91,523800
CDC,22-Mar-2019,44.41,44.41,43.8101,43.93,43700
CDEV,22-Mar-2019,9.16,9.18,8.7,8.71,3708500
CDK,22-Mar-2019,57.5,57.81,56.16,56.23,538000
CDL,22-Mar-2019,45.91,45.91,45.2684,45.39,21400
CDLX,22-Mar-2019,16.09,16.09,15.1,15.35,151900
CDMO,22-Mar-2019,4.3,4.35,4.1702,4.29,330800
CDMOP,22-Mar-2019,25.8674,25.8674,25,25,1000
CDNA,22-Mar-2019,38.9,39.38,36.76,36.92,766900
CDNS,22-Mar-2019,63.11,63.24,61.72,61.76,1925100
CDTX,22-Mar-2019,2.6,2.64,2.45,2.55,81200
CDW,22-Mar-2019,98.42,98.62,95.84,95.87,693400
CDXC,22-Mar-2019,3.92,4.02,3.89,3.95,163300
CDXS,22-Mar-2019,20.81,20.9017,19.61,19.62,325400
CDZI,22-Mar-2019,9.56,9.79,9.54,9.57,113700
CECE,22-Mar-2019,7.5,7.51,7.23,7.29,103900
CELC,22-Mar-2019,20.34,20.6,20.015,20.43,5600
CELH,22-Mar-2019,4.72,4.8157,4.54,4.6,41500
CEMI,22-Mar-2019,5.64,5.75,5.5,5.58,39200
CENT,22-Mar-2019,27.75,27.78,26.47,26.47,117600
CENTA,22-Mar-2019,25.14,25.345,23.91,23.93,245900
CENX,22-Mar-2019,8.86,8.92,8.19,8.3,1547900
CERC,22-Mar-2019,5.9,5.9,5.5242,5.59,54700
CERN,22-Mar-2019,58.08,58.34,56.91,56.96,1318400
CERS,22-Mar-2019,6.43,6.46,6.1,6.16,785800
CETV,22-Mar-2019,3.58,3.65,3.47,3.47,229600
CETX,22-Mar-2019,4.52,4.5824,4.08,4.3784,82000
CETXP,22-Mar-2019,1.55,1.55,1.55,1.55,0
CETXW,22-Mar-2019,0.0312,0.0312,0.0312,0.0312,0
CEVA,22-Mar-2019,27.61,27.61,26.23,26.31,197200
CEY,22-Mar-2019,24.14,24.14,23.9659,24.0161,7400
CEZ,22-Mar-2019,25.85,25.85,25.5301,25.5589,900
CFA,22-Mar-2019,50.01,50.01,49.25,49.25,41300
CFBI,22-Mar-2019,10.27,10.3214,10.25,10.3,2500
CFBK,22-Mar-2019,13.1255,13.1255,12.52,12.52,400
CFFA,22-Mar-2019,9.91,9.91,9.9,9.9,1200
CFFAU,22-Mar-2019,10.2,10.2,10.2,10.2,0
CFFAW,22-Mar-2019,0.3506,0.44,0.3506,0.44,16600
CFFI,22-Mar-2019,50.274,50.274,49.95,49.95,1900
CFFN,22-Mar-2019,12.73,12.8,12.46,12.58,559400
CFMS,22-Mar-2019,2.35,2.43,2.11,2.39,2219600
CFO,22-Mar-2019,46.61,46.61,45.86,45.89,41000
CFRX,22-Mar-2019,0.464,0.464,0.435,0.444,572100
CG,22-Mar-2019,19.16,19.22,18.41,18.46,677600
CGBD,22-Mar-2019,14.97,15.04,14.875,14.89,203900
CGEN,22-Mar-2019,3.66,3.76,3.6,3.63,129400
CGIX,22-Mar-2019,0.27,0.2728,0.2561,0.2605,985500
CGNX,22-Mar-2019,53.08,53.08,50.05,50.1,1076100
CGO,22-Mar-2019,12.21,12.23,11.9366,11.99,38900
CHCI,22-Mar-2019,2.42,2.58,2.42,2.44,2500
CHCO,22-Mar-2019,74.63,74.89,71.64,71.95,77700
CHDN,22-Mar-2019,85.83,86.53,84.78,84.81,199000
CHEF,22-Mar-2019,30.98,31.155,30.2,30.32,147600
CHEK,22-Mar-2019,2.99,3,2.72,2.86,232200
CHEKZ,22-Mar-2019,0.5,0.5024,0.5,0.5024,18300
CHFS,22-Mar-2019,3.83,3.84,3.6,3.63,85700
CHI,22-Mar-2019,10.16,10.16,10.06,10.07,193800
CHKP,22-Mar-2019,125.83,126.2,125.11,125.43,758400
CHMA,22-Mar-2019,5.01,5.63,5.01,5.51,139100
CHMG,22-Mar-2019,45.54,45.54,44.1036,44.18,14000
CHNA,22-Mar-2019,23.73,23.73,22.9701,23.2701,26900
CHNR,22-Mar-2019,1.72,1.72,1.6798,1.6798,6500
CHRS,22-Mar-2019,15.43,15.46,14.23,14.32,718200
CHRW,22-Mar-2019,86.95,86.95,84.64,84.68,1094900
CHSCL,22-Mar-2019,27.38,27.47,27.16,27.47,25900
CHSCM,22-Mar-2019,26.38,26.5,26.35,26.42,13700
CHSCN,22-Mar-2019,26.57,26.88,26.57,26.61,30400
CHSCO,22-Mar-2019,27.6,27.7,27.6,27.61,8300
CHSCP,22-Mar-2019,28.81,28.986,28.79,28.85,6300
CHTR,22-Mar-2019,365.7,366.49,360.38,360.78,5241800
CHUY,22-Mar-2019,22.86,22.86,22.4,22.46,215600
CHW,22-Mar-2019,8.01,8.06,7.9029,7.92,186200
CHY,22-Mar-2019,10.97,11.0058,10.8409,10.88,109900
CIBR,22-Mar-2019,28.55,28.55,27.7253,27.73,215500
CID,22-Mar-2019,32.5101,32.7004,32.5101,32.59,2400
CIDM,22-Mar-2019,1.96,1.97,1.84,1.9,124000
CIGI,22-Mar-2019,65.19,65.19,64.05,64.13,34300
CIL,22-Mar-2019,37.79,37.79,37.41,37.41,3400
CINF,22-Mar-2019,84.49,85.43,84.49,84.64,543900
CIVB,22-Mar-2019,20.54,20.66,19.99,20.1,53200
CIZ,22-Mar-2019,31.69,31.69,31.3701,31.42,12600
CIZN,22-Mar-2019,20.9644,20.9644,20.9644,20.9644,400
CJJD,22-Mar-2019,2.56,2.66,2.54,2.62,668300
CKPT,22-Mar-2019,2.91,3.6499,2.88,2.9,41900
CLAR,22-Mar-2019,12.19,12.22,11.57,11.67,86200
CLBK,22-Mar-2019,15.52,15.6699,15.02,15.05,129800
CLBS,22-Mar-2019,3.63,3.72,3.545,3.6,31600
CLCT,22-Mar-2019,16.41,16.41,15.8,15.85,48500
CLDB,22-Mar-2019,25,25,23.55,23.56,800
CLDX,22-Mar-2019,5.13,5.2237,4.85,4.94,386900
CLFD,22-Mar-2019,14.92,15.34,13.98,14.17,45000
CLGN,22-Mar-2019,5.9,5.9,5.9,5.9,0
CLIR,22-Mar-2019,0.94,0.94,0.92,0.9397,40700
CLLS,22-Mar-2019,17.95,17.95,17.35,17.41,409100
CLMT,22-Mar-2019,3.89,3.9636,3.82,3.84,152900
CLNE,22-Mar-2019,3.28,3.3,3.17,3.2,1746900
CLPS,22-Mar-2019,10,10.7773,9.9904,10.14,11700
CLRB,22-Mar-2019,2.44,2.47,2.26,2.31,146700
CLRBZ,22-Mar-2019,0.0711,0.0711,0.0711,0.0711,0
CLRG,22-Mar-2019,23.86,23.86,23.49,23.49,3600
CLRO,22-Mar-2019,2.09,2.11,2.0001,2.09,10800
CLSD,22-Mar-2019,1.55,1.58,1.45,1.47,605400
CLSN,22-Mar-2019,2.1,2.15,1.98,2.06,471200
CLUB,22-Mar-2019,5.25,5.33,5.08,5.2,79600
CLVS,22-Mar-2019,26.05,26.33,24.795,24.84,1443500
CLWT,22-Mar-2019,3.15,3.192,3.03,3.05,23100
CLXT,22-Mar-2019,18.51,18.94,17.145,17.23,108600
CMCO,22-Mar-2019,34.67,34.76,33.01,33.18,120200
CMCSA,22-Mar-2019,39.94,39.97,39.345,39.46,17030100
CMCT,22-Mar-2019,18.4,18.4,18.1,18.4,5100
CME,22-Mar-2019,162.15,164.44,161.4,163.32,2894900
CMFNL,22-Mar-2019,25.08,25.46,25.08,25.46,1500
CMLS,22-Mar-2019,19.42,19.51,18.89,19.1,48800
CMPR,22-Mar-2019,77.9,78.13,74.77,74.78,293400
CMRX,22-Mar-2019,2,2.03,1.92,2,613300
CMTL,22-Mar-2019,22.09,22.315,21.13,21.17,278400
CNBKA,22-Mar-2019,72.88,72.88,70.2,70.2,8800
CNCE,22-Mar-2019,17.46,17.57,15.42,15.51,170700
CNCR,22-Mar-2019,21.06,21.06,20.5,20.5,6700
CNET,22-Mar-2019,1.82,1.89,1.79,1.82,183400
CNFR,22-Mar-2019,4.25,4.6678,4.2009,4.2009,5000
CNFRL,22-Mar-2019,21.4,22.5,21.22,22.38,6600
CNOB,22-Mar-2019,19.75,19.92,18.86,18.99,199900
CNSL,22-Mar-2019,10.27,10.335,10.16,10.2,520300
CNST,22-Mar-2019,11.49,11.5,11.1103,11.25,64400
CNTY,22-Mar-2019,8.9,8.9,8.61,8.7,105900
CNXN,22-Mar-2019,37.42,37.42,35.64,35.67,59700
COCP,22-Mar-2019,2.77,2.8308,2.7537,2.8,1200
CODA,22-Mar-2019,11.1,11.1,9.86,10.9975,235300
CODX,22-Mar-2019,1.18,1.246,1.15,1.17,468000
COHR,22-Mar-2019,141.98,141.98,134.92,135.18,317000
COHU,22-Mar-2019,15.25,15.44,14.65,14.7,474800
COKE,22-Mar-2019,260.07,263,257.47,259.25,26000
COLB,22-Mar-2019,32.07,32.17,30.65,30.94,541000
COLL,22-Mar-2019,16.98,17.13,15.605,15.8,550100
COLM,22-Mar-2019,104.29,104.29,100.94,101.08,246400
COMM,22-Mar-2019,21.73,21.84,21.205,21.24,1924800
COMT,22-Mar-2019,33.46,33.46,33.011,33.07,22000
CONE,22-Mar-2019,52.59,52.64,51.93,52.14,656000
CONN,22-Mar-2019,24.23,24.2795,23.12,23.49,369000
COOP,22-Mar-2019,10.83,10.83,9.92,10.07,2351800
CORE,22-Mar-2019,36.03,36.21,35.53,35.76,394300
CORT,22-Mar-2019,11.77,11.8,11.15,11.17,935900
COST,22-Mar-2019,239.75,240.34,236.9,237.56,1873600
COUP,22-Mar-2019,98.42,98.75,89.59,90.4,3138400
COWN,22-Mar-2019,14.76,14.76,14.27,14.29,205900
COWNL,22-Mar-2019,25.25,25.35,25.25,25.33,5000
COWNZ,22-Mar-2019,25.23,25.32,25.14,25.32,21200
CPAH,22-Mar-2019,1.61,1.78,1.5083,1.6916,39000
CPHC,22-Mar-2019,14.75,14.75,14.75,14.75,0
CPIX,22-Mar-2019,5.92,6.5,5.92,6.5,5200
CPLP,22-Mar-2019,2.25,2.29,2.24,2.24,200700
CPRT,22-Mar-2019,59.63,59.91,58.77,59.25,1025900
CPRX,22-Mar-2019,4.09,4.18,3.81,4.02,2313100
CPSH,22-Mar-2019,1.6,1.65,1.5401,1.5401,22200
CPSI,22-Mar-2019,29.95,30.15,29.51,29.84,119900
CPSS,22-Mar-2019,4.04,4.14,3.79,3.84,23200
CPST,22-Mar-2019,0.952,0.978,0.93,0.95,229000
CPTA,22-Mar-2019,8.12,8.1431,7.96,8,67600
CPTAG,22-Mar-2019,25.25,25.25,25.01,25.01,300
CPTAL,22-Mar-2019,24.9388,25.16,24.9388,25.15,1800
CRAI,22-Mar-2019,50.79,50.8,48.73,48.96,38600
CRBP,22-Mar-2019,7.65,7.67,7.03,7.05,1423800
CREE,22-Mar-2019,59.11,59.42,56.51,56.51,1393500
CREG,22-Mar-2019,0.97,0.9889,0.958,0.9799,246900
CRESY,22-Mar-2019,12.54,12.54,12.06,12.28,77600
CREX,22-Mar-2019,2.45,2.551,2.4,2.4,3200
CREXW,22-Mar-2019,0.4388,0.4388,0.21,0.43,2100
CRIS,22-Mar-2019,1.37,1.44,1.36,1.43,107100
CRMT,22-Mar-2019,87.06,87.307,84.16,85.94,111900
CRNT,22-Mar-2019,3.69,3.72,3.52,3.56,561300
CRNX,22-Mar-2019,24.49,24.86,23.6,23.6,72600
CRON,22-Mar-2019,20.49,20.59,19.22,19.23,10049100
CROX,22-Mar-2019,25.73,25.78,25,25.1,1007200
CRSAU,22-Mar-2019,9.9642,9.9642,9.96,9.96,43500
CRSP,22-Mar-2019,37.57,38,35.18,35.59,709000
CRTO,22-Mar-2019,26.32,26.32,25.09,25.11,285200
CRUS,22-Mar-2019,42.94,43.12,41.77,41.8,453200
CRVL,22-Mar-2019,64.65,64.75,63.28,63.41,39700
CRVS,22-Mar-2019,4.31,4.4,4,4.01,86500
CRWS,22-Mar-2019,5.18,5.18,5.05,5.1595,27200
CSA,22-Mar-2019,44.92,44.92,43.8963,43.8963,1500
CSB,22-Mar-2019,43.4,43.4,42.5198,42.6813,2900
CSBR,22-Mar-2019,10.21,10.57,10,10.09,55100
CSCO,22-Mar-2019,53.91,54.14,52.7,52.74,23938400
CSF,22-Mar-2019,39.6,39.6,38.43,38.47,16200
CSGP,22-Mar-2019,470.65,473.1,464.41,465.08,165300
CSGS,22-Mar-2019,41.78,42.2831,41.25,41.28,144200
CSII,22-Mar-2019,40.01,40.31,38.53,38.66,411600
CSIQ,22-Mar-2019,19.2,19.24,18.4901,18.75,3732500
CSML,22-Mar-2019,25.26,25.26,24.36,24.36,20400
CSOD,22-Mar-2019,55.03,55.4,53.33,53.41,438100
CSPI,22-Mar-2019,10.79,10.9115,10.54,10.7,4200
CSQ,22-Mar-2019,12.57,12.58,12.3,12.33,244200
CSSE,22-Mar-2019,8.1,8.17,7.8699,7.98,7300
CSSEP,22-Mar-2019,24.95,24.95,24.603,24.603,5100
CSTE,22-Mar-2019,15.57,15.58,15.1,15.17,100500
CSTR,22-Mar-2019,15.01,15.01,14.11,14.27,63800
CSWC,22-Mar-2019,21.2,21.34,20.865,20.94,31900
CSWCL,22-Mar-2019,25.46,25.6,25.441,25.45,2700
CSWI,22-Mar-2019,56.2,56.2,54.83,54.83,48300
CSX,22-Mar-2019,73.43,73.51,72.42,72.51,3323900
CTAS,22-Mar-2019,202.91,204.013,193.7548,194.55,1549600
CTBI,22-Mar-2019,40.02,40.1,38.16,38.26,62400
CTG,22-Mar-2019,4.1,4.2,4.05,4.1897,26000
CTHR,22-Mar-2019,1.08,1.13,1.08,1.13,17100
CTIB,22-Mar-2019,2.9,2.95,2.88,2.95,11700
CTIC,22-Mar-2019,0.979,1,0.95,0.961,191900
CTMX,22-Mar-2019,11.05,11.37,10.39,10.41,518300
CTRE,22-Mar-2019,23.91,24.05,23.42,23.43,672000
CTRM,22-Mar-2019,4.8,4.9772,4.3,4.59,16700
CTRN,22-Mar-2019,18.4,18.57,18.085,18.36,112100
CTSH,22-Mar-2019,71.96,72.06,70.64,70.89,2711800
CTSO,22-Mar-2019,7.93,8.02,7.5,7.55,179300
CTXR,22-Mar-2019,1.42,1.4459,1.28,1.28,140800
CTXRW,22-Mar-2019,0.5,0.5,0.5,0.5,0
CTXS,22-Mar-2019,101.34,101.82,100.02,100.46,2085300
CUBA,22-Mar-2019,5.82,5.8411,5.69,5.69,16500
CUE,22-Mar-2019,8.6,8.6,7.78,7.95,154400
CUTR,22-Mar-2019,18.94,19.28,18.76,18.86,226100
CVBF,22-Mar-2019,20.93,21.04,20.16,20.22,669700
CVCO,22-Mar-2019,116,117.31,112.72,114.3,80900
CVCY,22-Mar-2019,19.79,19.86,19.57,19.64,49700
CVET,22-Mar-2019,35.71,36.61,34.71,34.78,720200
CVGI,22-Mar-2019,8.05,8.21,7.79,7.8,220400
CVGW,22-Mar-2019,82.83,83.64,81.26,81.6,125100
CVLT,22-Mar-2019,66.27,66.57,64.4475,64.51,308100
CVLY,22-Mar-2019,22.5,22.5,19.65,21,35200
CVV,22-Mar-2019,4.2,4.39,4.01,4.0279,7300
CWBC,22-Mar-2019,10,10.1,10,10,3100
CWBR,22-Mar-2019,3.18,3.25,3.03,3.09,73900
CWCO,22-Mar-2019,13.05,13.23,12.8,12.83,44600
CWST,22-Mar-2019,35.07,35.15,34.69,34.9,185900
CXDC,22-Mar-2019,2.47,2.49,2.4072,2.46,8100
CXSE,22-Mar-2019,76.57,76.57,75.5101,75.57,56000
CYAD,22-Mar-2019,21.99,21.99,20.52,20.52,6400
CYAN,22-Mar-2019,3.24,3.4734,3.24,3.32,300
CYBE,22-Mar-2019,19.31,19.39,18.67,18.82,9100
CYBR,22-Mar-2019,117.59,117.85,112.62,113.19,1073400
CYCC,22-Mar-2019,0.99,1,0.93,0.95,721600
CYCCP,22-Mar-2019,5.37,5.37,5.3457,5.3457,200
CYRN,22-Mar-2019,2.3,2.3,2.16,2.17,2000
CYRX,22-Mar-2019,14,14.25,13.05,13.13,277600
CYRXW,22-Mar-2019,10.5,10.5,9.93,9.93,8100
CYTK,22-Mar-2019,8.9,9.24,8.71,8.75,470600
CZNC,22-Mar-2019,26.14,26.29,25.52,25.52,19700
CZR,22-Mar-2019,8.91,8.95,8.62,8.67,17825300
CZWI,22-Mar-2019,12.25,12.25,11.8,11.99,2700
DAIO,22-Mar-2019,5.65,5.77,5.4501,5.51,42000
DAKT,22-Mar-2019,7.72,7.8,7.5,7.52,153300
DALI,22-Mar-2019,20.4,20.4,19.8548,19.9135,6800
DARE,22-Mar-2019,1.85,1.85,1.6,1.68,662200
DAX,22-Mar-2019,25.33,25.3792,25.12,25.12,2600
DBVT,22-Mar-2019,7.78,7.88,7.63,7.64,273600
DBX,22-Mar-2019,22.5,22.6999,21.67,21.72,3392300
DCOM,22-Mar-2019,19.31,19.49,18.47,18.53,160900
DCPH,22-Mar-2019,24.28,24.7,23.65,23.94,219300
DDIV,22-Mar-2019,23.97,24.1672,23.97,24.0605,1800
DENN,22-Mar-2019,17.74,18,17.74,17.84,345700
DFFN,22-Mar-2019,4.85,4.8853,4.59,4.7,30200
DFNL,22-Mar-2019,22.071,22.105,21.9402,22.01,36800
DGICA,22-Mar-2019,13.31,13.59,13.31,13.35,21700
DGICB,22-Mar-2019,11.8862,11.8862,11.8862,11.8862,0
DGII,22-Mar-2019,13.06,13.11,12.37,12.39,192900
DGLY,22-Mar-2019,3.87,3.9745,3.61,3.63,47700
DGRE,22-Mar-2019,24.78,24.78,24.3762,24.465,9700
DGRS,22-Mar-2019,35,35,33.9,33.9,19800
DGRW,22-Mar-2019,43.07,43.1114,42.49,42.51,610300
DHIL,22-Mar-2019,135,136.98,133.52,133.52,17700
DINT,22-Mar-2019,17.74,17.74,17.4568,17.4568,2200
DIOD,22-Mar-2019,37.43,37.73,35.74,35.97,324400
DISCA,22-Mar-2019,26.56,26.865,26.08,26.67,4861500
DISCB,22-Mar-2019,35,35,35,35,900
DISCK,22-Mar-2019,25,25.63,24.8797,25.45,2388500
DISH,22-Mar-2019,32.13,32.21,31.05,31.27,1568300
DJCO,22-Mar-2019,214,214,214,214,700
DLHC,22-Mar-2019,6.52,6.7168,6.5117,6.59,33300
DLPN,22-Mar-2019,1.85,1.85,1.83,1.83,2800
DLPNW,22-Mar-2019,0.06,0.06,0.0382,0.0382,4100
DLTH,22-Mar-2019,22.64,22.85,21.8543,22.06,126900
DLTR,22-Mar-2019,101.04,102.15,101,101.43,1423100
DMAC,22-Mar-2019,3.35,3.95,3.35,3.95,233000
DMLP,22-Mar-2019,18.51,18.51,18.11,18.4,58700
DMPI,22-Mar-2019,5.051,5.051,4.601,4.979,267800
DMRC,22-Mar-2019,34.21,34.595,31.69,31.95,72700
DNJR,22-Mar-2019,9.83,10.3999,8.24,9.29,6700
DNKN,22-Mar-2019,71.89,72.43,71.6,71.76,345700
DNLI,22-Mar-2019,20.19,20.8089,19.335,19.45,490500
DOCU,22-Mar-2019,56.68,57.01,53.13,53.34,2915100
DOGZ,22-Mar-2019,3.58,3.63,3.5,3.59,46000
DOMO,22-Mar-2019,43,44.24,42.8751,43.42,524600
DOOO,22-Mar-2019,30.27,31.07,26.39,26.45,65100
DORM,22-Mar-2019,84.38,85.27,83.23,83.31,187900
DOX,22-Mar-2019,54.8,54.8,53.82,53.83,683300
DPHCU,22-Mar-2019,9.986,9.986,9.986,9.986,200
DRAD,22-Mar-2019,10.4,10.5,10.1,10.3,77000
DRIO,22-Mar-2019,0.69,0.87,0.66,0.816,487000
DRIV,22-Mar-2019,13.58,13.58,13.199,13.199,6900
DRNA,22-Mar-2019,13.96,14.155,13.26,13.29,427100
DRRX,22-Mar-2019,0.7277,0.7638,0.69,0.7,335100
DSGX,22-Mar-2019,35.44,35.68,34.43,34.5,69400
DSKE,22-Mar-2019,4.89,4.935,4.6149,4.69,379300
DSKEW,22-Mar-2019,0.31,0.33,0.31,0.33,10000
DSPG,22-Mar-2019,13.98,14.07,13.73,13.79,144700
DSWL,22-Mar-2019,3.031,3.06,3,3.0062,73300
DTEA,22-Mar-2019,1.37,1.41,1.35,1.38,146800
DTSS,22-Mar-2019,2.33,2.4183,2.13,2.31,4200
DUSA,22-Mar-2019,22.72,22.8299,22.4,22.4525,12500
DVAX,22-Mar-2019,7.51,7.52,7.08,7.1,1390600
DVLU,22-Mar-2019,17.927,17.927,17.927,17.927,0
DVOL,22-Mar-2019,20.529,20.529,20.4703,20.48,2100
DVY,22-Mar-2019,98.25,98.2999,96.97,97.08,1016200
DWAS,22-Mar-2019,51.33,51.33,49.78,49.78,108300
DWAT,22-Mar-2019,10.76,10.76,10.76,10.76,0
DWCR,22-Mar-2019,26.95,26.95,26.95,26.95,200
DWFI,22-Mar-2019,23.0692,23.0799,23.05,23.0549,14300
DWLD,22-Mar-2019,23.22,23.231,22.7269,22.76,24400
DWMC,22-Mar-2019,22.25,22.25,22.25,22.25,0
DWPP,22-Mar-2019,29.74,29.74,29.43,29.43,1300
DWSH,22-Mar-2019,24.57,25.515,24.57,25.45,44000
DWSN,22-Mar-2019,3.03,3.085,2.94,2.97,103500
DXCM,22-Mar-2019,140.68,140.95,127.9,129.03,3946600
DXGE,22-Mar-2019,28.63,28.67,28.36,28.36,54000
DXJS,22-Mar-2019,39.58,39.58,39.13,39.13,30500
DXLG,22-Mar-2019,2.77,2.8,2.52,2.59,127400
DXPE,22-Mar-2019,40.75,40.75,38.7,38.76,87700
DXYN,22-Mar-2019,0.99,0.99,0.9269,0.9311,25600
DYNT,22-Mar-2019,1.964,2.06,1.964,2.06,1100
DZSI,22-Mar-2019,12.16,12.2108,12.08,12.15,80400
EA,22-Mar-2019,104.43,104.48,101.155,102.34,7159100
EARS,22-Mar-2019,7.2,7.276,7.04,7.174,275900
EAST,22-Mar-2019,5.95,5.99,5.64,5.94,62300
EBAY,22-Mar-2019,37.06,37.44,36.49,36.65,8449200
EBAYL,22-Mar-2019,26.25,26.25,26.06,26.15,109400
EBIX,22-Mar-2019,50.32,50.33,47.89,47.92,406300
EBIZ,22-Mar-2019,17.44,17.44,17.1772,17.1772,2000
EBMT,22-Mar-2019,17.26,17.26,17.26,17.26,0
EBSB,22-Mar-2019,14.96,15.1,14.65,14.75,431100
EBTC,22-Mar-2019,29.5,30.26,27.2,27.57,23000
ECHO,22-Mar-2019,23.81,23.835,23.15,23.15,164200
ECOL,22-Mar-2019,55.81,56.4,54.62,54.63,80500
ECOR,22-Mar-2019,8.9,9.1,8.215,8.4,167700
ECPG,22-Mar-2019,27.9,28.27,26.85,26.88,345100
EDAP,22-Mar-2019,2.93,2.94,2.87,2.92,24800
EDIT,22-Mar-2019,24.63,24.68,22.53,22.61,1125700
EDNT,22-Mar-2019,5.0254,5.42,5.0254,5.36,29000
EDRY,22-Mar-2019,8.01,8.28,7.95,7.97,1700
EDUC,22-Mar-2019,7.14,7.4,7.14,7.4,14100
EEFT,22-Mar-2019,142.04,143.45,138.24,138.78,546400
EEMA,22-Mar-2019,67.48,67.55,66.8,66.8,33100
EFAS,22-Mar-2019,16.22,16.22,16.0951,16.12,1400
EFOI,22-Mar-2019,1.18,1.22,1.1603,1.22,21200
EFSC,22-Mar-2019,41.09,41.09,39.33,39.76,141400
EGAN,22-Mar-2019,11.36,11.4224,10.73,10.74,442600
EGBN,22-Mar-2019,51.62,51.7707,49.19,49.28,382100
EGLE,22-Mar-2019,4.6,4.6,4.36,4.38,536000
EGOV,22-Mar-2019,17.09,17.21,16.67,16.68,231100
EGRX,22-Mar-2019,50.51,50.52,47.11,47.15,196200
EHTH,22-Mar-2019,62.29,65,61.26,62.61,592500
EIDX,22-Mar-2019,21.58,21.98,20.8807,21.32,201000
EIGI,22-Mar-2019,6.75,6.96,6.75,6.81,452200
EIGR,22-Mar-2019,14.21,14.21,13.8,13.9,51900
EKSO,22-Mar-2019,2.44,2.44,2.35,2.38,182700
ELOX,22-Mar-2019,12.36,12.65,11.07,11.7,41000
ELSE,22-Mar-2019,3.3595,3.3988,3.32,3.36,25500
ELTK,22-Mar-2019,1.79,1.8287,1.79,1.8287,500
EMB,22-Mar-2019,109.75,109.815,109.3,109.43,5783900
EMCB,22-Mar-2019,71.07,71.215,71.07,71.11,500
EMCF,22-Mar-2019,31.2886,31.4,30.1243,31.4,9400
EMIF,22-Mar-2019,28.58,28.6729,28.45,28.45,1900
EMKR,22-Mar-2019,3.88,3.94,3.76,3.84,126100
EML,22-Mar-2019,28.46,29.0367,27.5,27.55,23200
EMXC,22-Mar-2019,48.99,49.04,48.51,48.67,3700
ENDP,22-Mar-2019,8.67,8.78,8.18,8.33,3523800
ENG,22-Mar-2019,0.7495,0.7636,0.7201,0.7515,15600
ENOB,22-Mar-2019,6.99,7.14,6.855,7,50400
ENPH,22-Mar-2019,9.35,9.48,9.04,9.19,1662100
ENSG,22-Mar-2019,50.3,50.64,48.83,49.13,201400
ENT,22-Mar-2019,1.08,1.17,1.07,1.15,5491100
ENTA,22-Mar-2019,99.28,99.81,95.05,95.41,263900
ENTG,22-Mar-2019,35.7,35.7,34.585,34.64,954100
ENTX,22-Mar-2019,4.23,4.23,4.23,4.23,0
ENTXW,22-Mar-2019,0.9,0.9,0.9,0.9,0
ENZL,22-Mar-2019,50.7,50.91,50.58,50.58,11900
EOLS,22-Mar-2019,25.52,25.5371,23.84,24.01,787800
EPAY,22-Mar-2019,50.35,50.6259,48.3,48.33,281200
EPIX,22-Mar-2019,3.57,3.6,3.3,3.45,5700
EPSN,22-Mar-2019,4.3,4.4,4.2,4.25,9300
EPZM,22-Mar-2019,12.13,12.16,11.42,11.44,893800
EQ,22-Mar-2019,6.92,7.3499,6.74,6.81,10800
EQBK,22-Mar-2019,29.62,29.68,27.77,27.96,76700
EQIX,22-Mar-2019,458.83,460.88,451.11,451.5,644300
EQRR,22-Mar-2019,40.44,40.7368,40.4,40.4,4300
ERI,22-Mar-2019,49.95,50.15,48.49,49.66,1032500
ERIC,22-Mar-2019,9.52,9.5499,9.28,9.29,11704900
ERIE,22-Mar-2019,174.99,177.46,174.22,176.06,105200
ERII,22-Mar-2019,8.95,8.98,8.44,8.46,190100
ERYP,22-Mar-2019,8.15,8.2995,8.15,8.2995,1200
ESBK,22-Mar-2019,18.0377,18.0377,17.95,17.985,1400
ESCA,22-Mar-2019,11.9,12.23,11.52,11.53,21800
ESEA,22-Mar-2019,0.7329,0.7498,0.67,0.68,157100
ESGD,22-Mar-2019,63.11,63.2362,62.645,62.672,82600
ESGE,22-Mar-2019,34.06,34.173,33.75,33.78,139700
ESGR,22-Mar-2019,171.46,172.93,169.08,169.08,53000
ESGRO,22-Mar-2019,25.07,25.08,24.95,25.08,10000
ESGRP,22-Mar-2019,25.29,25.29,25.15,25.16,18300
ESGU,22-Mar-2019,62.09,62.09,61.47,61.47,28000
ESLT,22-Mar-2019,130.83,131.15,127.86,128.6,9800
ESPR,22-Mar-2019,44.39,44.39,41.36,41.39,542300
ESQ,22-Mar-2019,21.7,21.71,20.93,21.5,15100
ESSA,22-Mar-2019,15.84,15.92,15.5,15.55,13700
ESTA,22-Mar-2019,27.1,27.195,26.605,26.69,115600
ESXB,22-Mar-2019,7.4,7.49,7.14,7.26,32000
ETFC,22-Mar-2019,46.11,46.29,44.45,45.02,4064000
ETON,22-Mar-2019,7.65,7.9497,7.638,7.8,12500
ETSY,22-Mar-2019,68.97,69.25,65.5701,66.02,2262100
ETTX,22-Mar-2019,6.91,6.9297,6.7,6.7199,9400
EUFN,22-Mar-2019,18.35,18.37,18.16,18.18,1225800
EVBG,22-Mar-2019,75.49,76.16,72.85,73.35,434900
EVER,22-Mar-2019,7.86,7.97,7.7,7.88,82600
EVFM,22-Mar-2019,3.65,3.71,3.55,3.55,6200
EVGN,22-Mar-2019,1.9,1.9,1.9,1.9,400
EVK,22-Mar-2019,3.75,3.75,3.75,3.75,0
EVLO,22-Mar-2019,8.51,8.73,8.02,8.02,23500
EVOK,22-Mar-2019,1.56,1.575,1.41,1.42,606100
EVOL,22-Mar-2019,1.17,1.18,1.1144,1.13,100300
EVOP,22-Mar-2019,27.74,28,26.84,27.28,393200
EWBC,22-Mar-2019,48.81,49.03,46.54,46.63,2206700
EWJE,22-Mar-2019,33.4625,33.4625,33.4625,33.4625,300
EWJV,22-Mar-2019,24.83,24.8379,24.83,24.8379,400
EWZS,22-Mar-2019,15.34,15.4167,15.0901,15.16,130800
EXAS,22-Mar-2019,91.05,91.57,87.6,89,1803200
EXEL,22-Mar-2019,24.2,24.38,23.22,23.22,3677000
EXFO,22-Mar-2019,3.66,3.71,3.63,3.63,6600
EXLS,22-Mar-2019,59.87,60.18,57.9,57.92,138700
EXPD,22-Mar-2019,75.69,75.85,74.07,74.12,886600
EXPE,22-Mar-2019,123.7,124.28,121.56,121.64,1219600
EXPI,22-Mar-2019,11.5,11.5,10.69,10.77,164800
EXPO,22-Mar-2019,57.52,57.81,56.85,56.85,201200
EXTR,22-Mar-2019,7.72,7.81,7.34,7.35,857200
EYE,22-Mar-2019,29.51,29.695,28.65,29.07,458000
EYEG,22-Mar-2019,5.88,6.0015,5.85,5.94,129200
EYEGW,22-Mar-2019,0.0224,0.0224,0.0224,0.0224,5000
EYEN,22-Mar-2019,5.4,5.64,5.1,5.3,57300
EYES,22-Mar-2019,0.8297,0.86,0.812,0.85,550200
EYESW,22-Mar-2019,0.19,0.195,0.18,0.1899,33100
EYPT,22-Mar-2019,2.36,2.36,2.145,2.195,373600
EZPW,22-Mar-2019,9.44,9.44,9.08,9.11,294400
FAAR,22-Mar-2019,26.5712,26.6094,26.52,26.5865,14700
FAB,22-Mar-2019,53.43,53.43,52.7574,52.87,1800
FAD,22-Mar-2019,71.89,71.99,70.3,70.35,29500
FALN,22-Mar-2019,26.24,26.24,26.15,26.16,12000
FAMI,22-Mar-2019,4.35,4.5,4.35,4.47,114900
FANG,22-Mar-2019,105.06,105.06,101.08,101.37,1412800
FANH,22-Mar-2019,25.63,26.15,25.53,25.9,124000
FARM,22-Mar-2019,22.01,22.075,20.31,20.5,149100
FARO,22-Mar-2019,47.39,47.39,43,43.08,249700
FAST,22-Mar-2019,31.735,31.895,30.83,30.85,1700400
FAT,22-Mar-2019,5.33,5.7019,5.28,5.7019,4500
FATE,22-Mar-2019,17.61,17.74,16.13,16.14,799900
FB,22-Mar-2019,165.65,167.42,164.09,164.34,16389100
FBIO,22-Mar-2019,1.95,1.9685,1.84,1.86,281500
FBIOP,22-Mar-2019,19.74,19.75,19.58,19.75,1500
FBIZ,22-Mar-2019,20.03,21.2,20,20.4,12600
FBMS,22-Mar-2019,30.24,30.45,29.54,29.78,75400
FBNC,22-Mar-2019,35.15,35.285,33.34,33.51,157600
FBSS,22-Mar-2019,21.6147,21.6147,21.55,21.55,800
FBZ,22-Mar-2019,14.69,14.7063,14.22,14.22,6600
FCA,22-Mar-2019,27.4143,27.4143,27.4143,27.4143,0
FCAL,22-Mar-2019,51.12,51.12,51.0547,51.12,1000
FCAN,22-Mar-2019,23.09,23.09,23.09,23.09,200
FCAP,22-Mar-2019,52.48,52.79,52.24,52.48,2100
FCBC,22-Mar-2019,33.46,33.56,31.39,31.41,38500
FCBP,22-Mar-2019,22.02,22.49,21.5,21.5,8500
FCCO,22-Mar-2019,19.54,19.59,19.25,19.25,16700
FCCY,22-Mar-2019,18.63,18.67,17.82,17.82,11700
FCEF,22-Mar-2019,21.6,21.6,21.3102,21.3475,16200
FCEL,22-Mar-2019,4.08,4.08,3.66,3.6804,3339200
FCFS,22-Mar-2019,87.26,87.495,83.22,83.27,229300
FCNCA,22-Mar-2019,400.77,400.77,386.16,387.6,38900
FCVT,22-Mar-2019,30.84,30.85,30.47,30.4799,38200
FDBC,22-Mar-2019,57.61,57.61,57.61,57.61,1400
FDIV,22-Mar-2019,49.5253,49.55,49.4165,49.52,1500
FDNI,22-Mar-2019,21.81,21.84,21.8,21.84,700
FDT,22-Mar-2019,54.2,54.32,53.735,53.77,64000
FDTS,22-Mar-2019,37.4964,37.4964,37.4964,37.4964,0
FDUS,22-Mar-2019,15.39,15.4086,15.08,15.14,131600
FDUSL,22-Mar-2019,25.3861,25.412,25.3861,25.3997,1000
FDUSZ,22-Mar-2019,25.5,26,25.35,25.99,3800
FEIM,22-Mar-2019,11.5896,12.0428,11.26,11.6,15600
FELE,22-Mar-2019,51.78,52.03,49.69,49.73,162100
FEM,22-Mar-2019,25.35,25.35,24.89,24.905,109100
FEMB,22-Mar-2019,38.16,38.16,37.76,37.76,9500
FEMS,22-Mar-2019,36.08,36.08,35.22,35.22,26000
FENC,22-Mar-2019,5.4,5.4,5.2,5.25,60700
FEP,22-Mar-2019,34.83,34.91,34.4972,34.54,152700
FEUZ,22-Mar-2019,37.93,38.0499,37.6301,37.71,6700
FEX,22-Mar-2019,59.38,59.4884,58.5423,58.57,289900
FEYE,22-Mar-2019,17.23,17.29,16.64,16.67,2250800
FFBC,22-Mar-2019,23.93,24.12,22.76,23.02,589900
FFBW,22-Mar-2019,10.7933,10.8038,10.7933,10.8038,2800
FFHL,22-Mar-2019,2.363,2.381,2.3,2.3,9100
FFIC,22-Mar-2019,21.7,21.75,20.73,21.14,95300
FFIN,22-Mar-2019,27.36,27.625,27.13,27.34,1240200
FFIV,22-Mar-2019,155.54,156.49,152.09,152.24,604500
FFNW,22-Mar-2019,15.73,15.73,15.07,15.07,12700
FFWM,22-Mar-2019,13.55,13.57,12.91,13.19,340500
FGBI,22-Mar-2019,21,21.17,20.6,20.6,6300
FGEN,22-Mar-2019,55.4,55.4,52.68,52.98,819300
FGM,22-Mar-2019,41.21,41.21,41.1534,41.1534,800
FHB,22-Mar-2019,25.45,25.45,24.64,24.91,1817000
FHK,22-Mar-2019,36.81,36.81,36.61,36.61,8400
FIBK,22-Mar-2019,40.09,40.09,38.29,38.29,286800
FID,22-Mar-2019,16.63,16.839,16.59,16.8095,2800
FINX,22-Mar-2019,27.48,27.5,26.8964,27.01,148900
FISI,22-Mar-2019,26.86,27.03,25.67,25.68,55400
FISV,22-Mar-2019,85.78,86.29,85.15,85.58,4052400
FITB,22-Mar-2019,25.36,25.41,24.48,24.62,17102100
FITBI,22-Mar-2019,27.92,28.11,27.75,27.95,9100
FIVE,22-Mar-2019,117.9,119.45,116.78,116.97,738000
FIVN,22-Mar-2019,56,56.26,53.04,53.38,729700
FIXD,22-Mar-2019,50.25,50.34,50.23,50.32,202700
FIXX,22-Mar-2019,28.2,28.24,25.7,25.76,106500
FIZZ,22-Mar-2019,56.96,57.5,56.37,56.69,212400
FJP,22-Mar-2019,50.255,50.2799,49.92,50.01,13200
FKO,22-Mar-2019,22.98,22.98,22.98,22.98,0
FKU,22-Mar-2019,36.78,36.78,36.4401,36.5409,3600
FLDM,22-Mar-2019,14.37,14.52,13.44,13.59,725000
FLEX,22-Mar-2019,10.52,10.57,10.16,10.19,7636500
FLGT,22-Mar-2019,5.32,5.69,5.32,5.5,4800
FLIC,22-Mar-2019,21.65,21.74,20.76,20.95,85600
FLIR,22-Mar-2019,48.68,48.8,47.2,47.54,1043800
FLL,22-Mar-2019,2.11,2.14,1.95,1.985,112000
FLMN,22-Mar-2019,8.92,8.92,8.4,8.45,80600
FLMNW,22-Mar-2019,0.9,0.9,0.9,0.9,0
FLN,22-Mar-2019,20.06,20.0999,19.62,19.699,6000
FLNT,22-Mar-2019,6.16,6.2,5.55,5.81,574600
FLWS,22-Mar-2019,18.37,18.999,18.04,18.15,280800
FLXN,22-Mar-2019,12.39,12.93,12.3,12.5,831700
FLXS,22-Mar-2019,24.1,24.45,22.57,23.15,26400
FMAO,22-Mar-2019,27.72,27.72,26.68,27.05,14500
FMB,22-Mar-2019,53.52,53.6799,53.52,53.67,62000
FMBH,22-Mar-2019,32.64,32.64,31.26,31.65,37900
FMBI,22-Mar-2019,20.49,20.6,19.8,19.86,823200
FMCI,22-Mar-2019,9.91,9.91,9.91,9.91,0
FMCIU,22-Mar-2019,10.35,10.35,10.35,10.35,0
FMCIW,22-Mar-2019,0.42,0.42,0.42,0.42,0
FMHI,22-Mar-2019,51.11,51.21,51.1013,51.2,6000
FMK,22-Mar-2019,34.59,34.59,34.44,34.44,1000
FMNB,22-Mar-2019,13.87,13.91,12.83,12.83,45700
FNCB,22-Mar-2019,7.49,7.5,7.4,7.48,31600
FNHC,22-Mar-2019,16.4,16.83,16.24,16.27,66400
FNJN,22-Mar-2019,3,3.02,2.89,2.99,120600
FNK,22-Mar-2019,34.39,34.39,33.88,33.88,1600
FNKO,22-Mar-2019,21.15,21.2576,20.11,20.38,457700
FNLC,22-Mar-2019,25.5,25.7528,24.5,24.7,30700
FNWB,22-Mar-2019,15.11,15.34,14.5903,14.7,26500
FNX,22-Mar-2019,67.44,67.44,65.6,65.6,24500
FNY,22-Mar-2019,43.57,43.57,42.46,42.48,17700
FOCS,22-Mar-2019,33.53,33.97,31.54,32,183100
FOLD,22-Mar-2019,13.72,13.7501,13.24,13.26,2717400
FONR,22-Mar-2019,22.2532,22.3787,21.55,21.55,11300
FORD,22-Mar-2019,1.51,1.53,1.51,1.53,17700
FORK,22-Mar-2019,2.3673,2.38,2.32,2.3651,5800
FORM,22-Mar-2019,16.21,16.22,15.77,15.77,308800
FORR,22-Mar-2019,48.31,48.395,47.18,47.99,51000
FORTY,22-Mar-2019,42,42,42,42,0
FOSL,22-Mar-2019,14.4,14.49,13.88,13.88,1171600
FOX,22-Mar-2019,38.76,38.84,36.55,37.46,4902500
FOXA,22-Mar-2019,39.93,39.99,37.69,38.72,10897900
FOXF,22-Mar-2019,70.52,70.52,68.61,68.63,310900
FPA,22-Mar-2019,30.3454,30.404,30.3,30.355,700
FPAY,22-Mar-2019,0.85,0.88,0.825,0.8494,127800
FPRX,22-Mar-2019,13.54,13.72,13.06,13.07,463900
FPXE,22-Mar-2019,19.4,19.4,19.4,19.4,0
FPXI,22-Mar-2019,34.86,34.86,34.86,34.86,300
FRAN,22-Mar-2019,8.004,8.2668,7.7808,8.1756,739200
FRBA,22-Mar-2019,11.1,11.1,10.9,10.9,33100
FRBK,22-Mar-2019,5.42,5.47,5.11,5.18,162200
FRGI,22-Mar-2019,13.27,13.325,12.66,12.83,301300
FRME,22-Mar-2019,37.13,37.265,35.29,35.52,187300
FRPH,22-Mar-2019,47.51,48.45,46.2265,46.32,23000
FRPT,22-Mar-2019,43.5,43.95,41.24,41.35,398500
FRSX,22-Mar-2019,1.48,1.51,1.47,1.4899,4200
FRTA,22-Mar-2019,4.23,4.23,3.86,4.09,440900
FSBW,22-Mar-2019,48.15,48.41,46.04,46.12,12900
FSCT,22-Mar-2019,46.02,46.04,43.68,43.73,345700
FSFG,22-Mar-2019,53,53.27,53,53.27,1300
FSLR,22-Mar-2019,54.53,54.765,51.87,52.41,1948400
FSTR,22-Mar-2019,18,18.43,17.28,17.89,67600
FSV,22-Mar-2019,84.99,85.15,84.02,84.02,30500
FSZ,22-Mar-2019,47.97,47.97,47.5817,47.72,1100
FTA,22-Mar-2019,51.52,51.6105,50.7367,50.82,105100
FTAC,22-Mar-2019,9.74,9.74,9.74,9.74,0
FTACU,22-Mar-2019,10.18,10.18,10.18,10.18,0
FTACW,22-Mar-2019,0.8925,0.8925,0.8,0.85,6900
FTAG,22-Mar-2019,23.59,23.59,23.59,23.59,0
FTC,22-Mar-2019,66.69,66.86,65.77,65.78,73600
FTCS,22-Mar-2019,53.9,53.9,52.98,53,749300
FTDR,22-Mar-2019,31.64,33.48,31.64,32.7,1273100
FTEK,22-Mar-2019,1.55,1.777,1.55,1.65,856500
FTFT,22-Mar-2019,0.86,0.86,0.8201,0.84,43300
FTGC,22-Mar-2019,18.909,18.909,18.7891,18.86,23500
FTHI,22-Mar-2019,21.56,21.63,21.43,21.53,10300
FTLB,22-Mar-2019,21.44,21.5473,21.44,21.44,18800
FTNT,22-Mar-2019,88,88.18,85.12,85.19,1321000
FTRI,22-Mar-2019,12.4,12.4,12.2303,12.2535,2300
FTSL,22-Mar-2019,47.26,47.36,47.1,47.13,349200
FTSM,22-Mar-2019,60.05,60.06,60.04,60.06,745500
FTXD,22-Mar-2019,21.9,22.03,21.767,21.767,400
FTXG,22-Mar-2019,19.64,19.64,19.64,19.64,0
FTXH,22-Mar-2019,21.7873,21.7873,21.7873,21.7873,0
FTXL,22-Mar-2019,32.55,32.55,31.82,31.82,57300
FTXN,22-Mar-2019,19.24,19.24,18.795,18.835,3600
FTXO,22-Mar-2019,24.48,24.48,23.67,23.8,115100
FTXR,22-Mar-2019,22.98,22.98,22.98,22.98,0
FULT,22-Mar-2019,15.73,15.73,15.01,15.02,1802900
FUNC,22-Mar-2019,17.4,17.6,16.76,16.76,15300
FUND,22-Mar-2019,6.88,6.89,6.76,6.77,31600
FUSB,22-Mar-2019,10,10,9.95,9.96,5500
FUV,22-Mar-2019,4.65,5.28,4.65,5,1086400
FV,22-Mar-2019,30.52,30.52,29.73,29.7398,246000
FVC,22-Mar-2019,27,27.04,26.6001,26.66,56600
FVCB,22-Mar-2019,17.16,17.17,16.71,17.1,4700
FVE,22-Mar-2019,1,1.05,1,1.05,13400
FWONA,22-Mar-2019,34.45,34.45,33.25,33.31,74100
FWONK,22-Mar-2019,35.09,35.29,34.05,34.14,816600
FWP,22-Mar-2019,1.23,1.259,1.2,1.2,4200
FWRD,22-Mar-2019,62.85,63.36,61.04,61.2,147800
FYC,22-Mar-2019,46.57,46.7005,45.22,45.22,26100
FYT,22-Mar-2019,34.74,34.7621,34.09,34.09,3300
FYX,22-Mar-2019,61.93,61.93,60.17,60.17,52100
GABC,22-Mar-2019,29.43,29.8,28.26,28.31,116600
GAIA,22-Mar-2019,9.35,9.35,9.02,9.24,110700
GAIN,22-Mar-2019,11.69,11.76,11.58,11.6,111800
GAINL,22-Mar-2019,25.4,25.65,25.16,25.3027,14800
GAINM,22-Mar-2019,25.3308,25.3767,25.32,25.3767,1200
GALT,22-Mar-2019,4.9,5.165,4.56,4.56,1494300
GARS,22-Mar-2019,7.25,7.32,7.25,7.28,23300
GASS,22-Mar-2019,3.42,3.49,3.41,3.49,78900
GBCI,22-Mar-2019,39.15,39.3,37.58,37.89,516700
GBDC,22-Mar-2019,17.9,18,17.81,17.83,143600
GBLI,22-Mar-2019,32.25,32.8129,31.83,31.83,15900
GBLIL,22-Mar-2019,25.8001,25.93,25.8001,25.92,2900
GBLIZ,22-Mar-2019,25.3,25.35,25.25,25.35,6000
GBT,22-Mar-2019,52.27,52.35,49.28,49.51,630200
GCBC,22-Mar-2019,30.88,31.115,30.5,30.5,3200
GDEN,22-Mar-2019,15.36,15.36,14.66,14.86,144100
GDS,22-Mar-2019,34.97,35.25,34.05,34.08,1015500
GEC,22-Mar-2019,4.09,4.15,3.985,4.15,22400
GECC,22-Mar-2019,8.23,8.4,8.22,8.26,102400
GECCL,22-Mar-2019,24.96,25.172,24.96,25.172,400
GECCM,22-Mar-2019,25.01,25.07,25,25.07,4200
GENC,22-Mar-2019,12.81,12.81,12.08,12.08,9100
GENE,22-Mar-2019,3.56,3.56,3.32,3.3596,69000
GENY,22-Mar-2019,36.88,36.88,36.12,36.12,700
GEOS,22-Mar-2019,14.71,14.71,13.67,13.78,21900
GERN,22-Mar-2019,1.82,1.85,1.68,1.69,4432200
GEVO,22-Mar-2019,2.32,2.4016,2.28,2.3,279700
GFED,22-Mar-2019,23.03,23.1197,23.02,23.02,900
GFN,22-Mar-2019,10.05,10.18,9.11,9.43,49100
GFNCP,22-Mar-2019,101.5272,101.7684,101.5272,101.7684,300
GFNSL,22-Mar-2019,25.75,25.75,25.6126,25.75,900
GGAL,22-Mar-2019,27.64,27.64,25.67,25.84,1270600
GH,22-Mar-2019,84.93,85,78.35,79.01,1401500
GIFI,22-Mar-2019,9.12,9.2,9.08,9.11,16500
GIGM,22-Mar-2019,2.78,2.81,2.72,2.72,27700
GIII,22-Mar-2019,39.99,40,37.75,37.75,789000
GILD,22-Mar-2019,64.86,65.1,63.7,63.77,5911900
GILT,22-Mar-2019,9.23,9.25,9.13,9.1417,11800
GLAD,22-Mar-2019,9.09,9.12,9.02,9.04,114300
GLADD,22-Mar-2019,25.67,25.67,25.37,25.54,3800
GLBS,22-Mar-2019,3.47,3.576,3.25,3.26,547800
GLBZ,22-Mar-2019,11.2,11.2,11.1,11.13,1600
GLDD,22-Mar-2019,9,9.1,8.87,9.08,1110100
GLDI,22-Mar-2019,8.62,8.6999,8.62,8.6899,19000
GLG,22-Mar-2019,2.31,2.38,2.18,2.34,240500
GLIBA,22-Mar-2019,56.23,56.25,55.37,55.49,330900
GLIBP,22-Mar-2019,24.52,24.59,24.5,24.59,25100
GLMD,22-Mar-2019,9.03,9.03,8.421,8.5,123700
GLNG,22-Mar-2019,22.31,22.32,21.445,21.46,755300
GLPG,22-Mar-2019,101.58,102.06,99.41,99.47,39400
GLPI,22-Mar-2019,37.59,37.69,37.34,37.35,1300400
GLRE,22-Mar-2019,10.8,10.83,10.58,10.64,124000
GLUU,22-Mar-2019,10.8,10.87,10.55,10.7,2189800
GLYC,22-Mar-2019,13.02,13.24,12.93,12.97,267900
GMDA,22-Mar-2019,11.6803,11.9344,11.15,11.9344,7600
GMHIU,22-Mar-2019,10.11,10.212,10.11,10.21,657900
GMLP,22-Mar-2019,13.1,13.1492,12.84,12.9,146000
GMLPP,22-Mar-2019,24.98,25,24.959,25,9200
GNCA,22-Mar-2019,5.76,5.76,5.2,5.3432,424400
GNMA,22-Mar-2019,49.31,49.41,49.31,49.35,6100
GNMK,22-Mar-2019,7.49,7.69,7.26,7.3,404700
GNPX,22-Mar-2019,1.8142,1.86,1.7913,1.7913,13800
GNTX,22-Mar-2019,20.31,20.33,19.91,19.94,1042600
GNTY,22-Mar-2019,28.9,28.92,27.15,27.19,28400
GNUS,22-Mar-2019,1.98,1.99,1.9001,1.98,10600
GOGL,22-Mar-2019,5.29,5.2998,5.06,5.12,412500
GOGO,22-Mar-2019,4.8,4.855,4.66,4.67,640700
GOOD,22-Mar-2019,21.05,21.14,20.48,20.48,139400
GOODM,22-Mar-2019,25.4567,25.6,25.4504,25.6,1500
GOOG,22-Mar-2019,1226.32,1230,1202.825,1205.5,1714200
GOOGL,22-Mar-2019,1228.85,1233.63,1206,1207.65,1721100
GOSS,22-Mar-2019,23.04,23.04,21.39,21.6,124700
GPOR,22-Mar-2019,7.81,7.86,7.385,7.63,5352100
GPP,22-Mar-2019,15.92,15.99,15.8,15.99,28600
GPRE,22-Mar-2019,17.19,17.28,16.9,17.09,662800
GPRO,22-Mar-2019,6.44,6.61,6.38,6.44,2665400
GRBK,22-Mar-2019,8.7,8.8,8.62,8.64,85900
GRFS,22-Mar-2019,18.93,18.93,18.64,18.73,467900
GRID,22-Mar-2019,44.35,44.35,43.3901,43.62,2100
GRIF,22-Mar-2019,36.46,36.46,34.88,35,3000
GRIN,22-Mar-2019,5.17,5.32,5.17,5.32,4700
GRMN,22-Mar-2019,84.22,84.57,83.33,83.58,976100
GRNQ,22-Mar-2019,2.22,2.2454,1.99,1.99,10100
GROW,22-Mar-2019,1.13,1.16,1.03,1.1373,143100
GRPN,22-Mar-2019,3.51,3.55,3.38,3.38,4060400
GRTS,22-Mar-2019,11.35,11.721,11.0565,11.45,131700
GRVY,22-Mar-2019,70.04,70.04,66,68.61,37700
GSBC,22-Mar-2019,53.74,54.13,51.14,51.27,42900
GSHD,22-Mar-2019,28.68,28.825,27.64,28.43,59100
GSIT,22-Mar-2019,8.28,8.28,7.98,7.98,13100
GSKY,22-Mar-2019,13.5,13.62,12.77,12.86,1311300
GSM,22-Mar-2019,2.2,2.2201,2.06,2.12,758900
GSUM,22-Mar-2019,3.68,3.76,3.08,3.11,318100
GT,22-Mar-2019,18.08,18.16,17.4,17.4,3734600
GTHX,22-Mar-2019,15.01,15.34,14.39,14.4,469800
GTIM,22-Mar-2019,2.48,2.6356,2.4,2.59,39300
GTLS,22-Mar-2019,94.49,95.66,87.27,88.73,640700
GTYH,22-Mar-2019,8.4,8.4,8.2,8.4,2100
GURE,22-Mar-2019,1.06,1.08,1.0517,1.055,24700
GVP,22-Mar-2019,2.84,2.84,2.73,2.73,12200
GWGH,22-Mar-2019,11.48,12.02,11.41,11.96,7000
GWPH,22-Mar-2019,175.9,176.49,167.2347,168.83,540700
GWRS,22-Mar-2019,9.84,9.99,9.78,9.84,23500
GYRO,22-Mar-2019,19.899,19.899,19.899,19.899,0
HA,22-Mar-2019,25.38,25.6229,24.46,24.49,901000
HAFC,22-Mar-2019,20.4,20.4,19.57,19.9,339000
HAIN,22-Mar-2019,23.15,23.49,22.935,23.29,1590300
HALL,22-Mar-2019,10.09,10.3,9.92,10.05,31500
HALO,22-Mar-2019,16.4,16.41,15.49,15.49,900400
HARP,22-Mar-2019,10.69,11.2895,10.21,10.22,17300
HAS,22-Mar-2019,84.82,85,82.87,83.51,1100500
HAYN,22-Mar-2019,32.69,33.34,31.23,31.24,51000
HBAN,22-Mar-2019,12.53,12.54,12.145,12.25,31984900
HBANN,22-Mar-2019,26.76,27.15,26.76,26.97,2600
HBANO,22-Mar-2019,26.27,26.43,26.21,26.32,26100
HBCP,22-Mar-2019,34.64,35.13,34.15,34.4,15900
HBIO,22-Mar-2019,3.89,3.957,3.84,3.93,113900
HBMD,22-Mar-2019,13.55,13.89,13.255,13.51,18400
HBNC,22-Mar-2019,16.21,16.39,15.5,15.5,97400
HBP,22-Mar-2019,2.74,2.79,2.635,2.79,49700
HCACU,22-Mar-2019,10.06,10.1,10.06,10.06,55200
HCAP,22-Mar-2019,10.31,10.755,10.25,10.38,14900
HCAPZ,22-Mar-2019,25.26,25.26,25.26,25.26,0
HCCH,22-Mar-2019,9.92,9.92,9.92,9.92,0
HCCHR,22-Mar-2019,0.29,0.29,0.29,0.29,0
HCCHU,22-Mar-2019,10.42,10.42,10.42,10.42,0
HCCHW,22-Mar-2019,0.28,0.28,0.28,0.28,0
HCCI,22-Mar-2019,25.93,26.155,25.53,25.87,127500
HCKT,22-Mar-2019,16.33,16.455,15.64,15.67,95700
HCM,22-Mar-2019,29.48,29.56,28.49,28.58,119200
HCSG,22-Mar-2019,32.1,32.37,31.74,32.14,1332600
HDS,22-Mar-2019,42.7,42.7,41.68,41.71,1437700
HDSN,22-Mar-2019,2.01,2.07,1.93,2.02,284100
HEAR,22-Mar-2019,11.9,11.97,11.1,11.25,1470500
HEBT,22-Mar-2019,0.879,0.9399,0.879,0.9143,7300
HEES,22-Mar-2019,25.8,25.98,24.455,24.48,214900
HELE,22-Mar-2019,114.4,115.72,112.76,113.08,280500
HEWG,22-Mar-2019,25.88,25.9,25.59,25.61,499300
HFBL,22-Mar-2019,31.54,32.96,31.5,31.95,2600
HFFG,22-Mar-2019,13.3,13.3,13,13,1900
HFWA,22-Mar-2019,30,30.005,28.64,28.77,167900
HGSH,22-Mar-2019,1.05,1.08,1.05,1.07,19600
HIBB,22-Mar-2019,23,23.88,21.32,21.7,7807500
HIFS,22-Mar-2019,177.22,180.7193,165,172.59,6400
HIHO,22-Mar-2019,3.2939,3.2939,3.2939,3.2939,0
HIMX,22-Mar-2019,3.51,3.515,3.43,3.43,1333600
HJLI,22-Mar-2019,2.42,2.4759,2.3024,2.42,74400
HJLIW,22-Mar-2019,0.2954,0.2954,0.2954,0.2954,0
HLG,22-Mar-2019,38.51,40.1,38.325,38.38,19100
HLIT,22-Mar-2019,5.62,5.69,5.53,5.54,340200
HLNE,22-Mar-2019,43.31,43.31,40.85,41.42,162600
HMHC,22-Mar-2019,7.19,7.2962,7.01,7.02,648500
HMNF,22-Mar-2019,21.36,21.4842,20.9,21.4842,6400
HMST,22-Mar-2019,26.03,26.03,24.71,24.71,99600
HMSY,22-Mar-2019,32.7,32.92,30.88,30.88,426300
HMTV,22-Mar-2019,13.83,13.8813,13.49,13.56,29000
HNDL,22-Mar-2019,23.64,23.65,23.51,23.52,14800
HNNA,22-Mar-2019,9.64,9.64,9.25,9.55,31600
HNRG,22-Mar-2019,5.29,5.34,4.95,4.98,97100
HOFT,22-Mar-2019,27.79,27.955,26.23,26.37,31800
HOLI,22-Mar-2019,21.38,21.38,20.12,20.3,114500
HOLX,22-Mar-2019,47.57,47.75,46.82,46.85,933600
HOMB,22-Mar-2019,17.32,17.345,16.5,16.56,1891400
HONE,22-Mar-2019,9.2931,9.3544,9.1427,9.2541,76100
HOPE,22-Mar-2019,12.96,13.01,12.36,12.37,1088500
HOTH,22-Mar-2019,5.6,5.6,5.3,5.3,2400
HOVNP,22-Mar-2019,2.4,3.34,2.4,3.33,3400
HQY,22-Mar-2019,82.08,82.19,73.68,73.78,1526500
HROW,22-Mar-2019,5.45,5.45,5.26,5.31,131800
HRTX,22-Mar-2019,24.52,24.869,23.74,23.78,1161900
HRZN,22-Mar-2019,11.76,11.9,11.56,11.62,992300
HSDT,22-Mar-2019,6.71,7.14,6.71,6.8,79300
HSIC,22-Mar-2019,61,61.05,59.75,59.8,1159200
HSII,22-Mar-2019,40.15,40.21,38.73,38.74,133500
HSKA,22-Mar-2019,85.79,85.79,81.8,82.02,67900
HSON,22-Mar-2019,15.2,15.3,15,15,41000
HSTM,22-Mar-2019,28.32,28.86,27.85,27.85,177600
HTBI,22-Mar-2019,25.6,25.6,24.65,24.86,52100
HTBK,22-Mar-2019,12.13,12.13,11.54,11.57,157300
HTBX,22-Mar-2019,1.3,1.306,1.23,1.24,210000
HTGM,22-Mar-2019,2.67,2.67,2.53,2.55,138500
HTHT,22-Mar-2019,39.57,39.62,38.45,39,1035400
HTLD,22-Mar-2019,19.34,19.34,18.98,19,443900
HTLF,22-Mar-2019,43.94,44.01,41.57,42.05,147200
HUBG,22-Mar-2019,40.86,40.86,39.72,39.74,237500
HURC,22-Mar-2019,40.44,40.6075,38.38,39.04,33000
HURN,22-Mar-2019,48.28,48.28,46.5,46.53,90000
HVBC,22-Mar-2019,16.245,16.245,14.9662,14.9662,7000
HWBK,22-Mar-2019,23.43,23.668,22.908,23.24,9000
HWC,22-Mar-2019,39.63,39.95,37.62,37.91,551100
HWCC,22-Mar-2019,5.8699,6.04,5.835,6,18200
HWCPL,22-Mar-2019,25.72,26,25.72,25.9,1500
HWKN,22-Mar-2019,39.44,39.9671,36.92,36.92,51100
HX,22-Mar-2019,2.65,2.67,2.54,2.56,139800
HYLS,22-Mar-2019,47.77,47.78,47.6401,47.66,72800
HYRE,22-Mar-2019,7.04,7.2145,6.56,6.61,629200
HYXE,22-Mar-2019,50.7757,50.7757,50.6,50.6,2400
HYZD,22-Mar-2019,23.53,23.53,23.46,23.5,154800
HZNP,22-Mar-2019,27.72,27.8,26.55,26.84,2296500
IAC,22-Mar-2019,223.26,224.63,219.45,219.57,442200
IART,22-Mar-2019,57.06,57.16,55.24,55.29,225700
IBB,22-Mar-2019,111.44,111.71,108.11,108.17,3560100
IBCP,22-Mar-2019,21.51,21.7,20.47,20.52,170900
IBOC,22-Mar-2019,38.58,38.68,36.78,36.94,245600
IBTX,22-Mar-2019,51.76,51.76,49.16,49.53,272500
IBUY,22-Mar-2019,49.57,49.6933,48.2,48.23,29900
ICAD,22-Mar-2019,4.11,4.23,4.1,4.13,85100
ICBK,22-Mar-2019,17.73,17.73,16.8,16.8,10500
ICCC,22-Mar-2019,6.9399,6.9399,6.84,6.85,2400
ICCH,22-Mar-2019,13.5,14.1,13.5,14.1,1600
ICFI,22-Mar-2019,74.89,75,72.37,72.62,124700
ICHR,22-Mar-2019,22.76,22.8,22.01,22.03,274600
ICLK,22-Mar-2019,4.37,4.42,4.26,4.35,30300
ICLN,22-Mar-2019,9.81,9.81,9.61,9.64,116500
ICLR,22-Mar-2019,136.13,136.13,132.75,132.88,194700
ICON,22-Mar-2019,2.07,2.2,1.91,1.94,397500
ICPT,22-Mar-2019,114.84,114.84,109.09,109.85,629400
ICUI,22-Mar-2019,235.38,235.88,228.73,229.27,191500
IDCC,22-Mar-2019,66.12,66.44,64.36,64.38,302700
IDEX,22-Mar-2019,1.81,1.85,1.78,1.8,298800
IDLB,22-Mar-2019,28.0873,28.0873,27.9,27.97,86600
IDRA,22-Mar-2019,2.98,2.98,2.66,2.72,583500
IDXG,22-Mar-2019,0.88,0.8845,0.8125,0.8482,506500
IDXX,22-Mar-2019,225.23,225.5766,219.32,219.43,496200
IEA,22-Mar-2019,5.82,5.85,5.6,5.6,56500
IEAWW,22-Mar-2019,0.54,0.55,0.53,0.54,357100
IEF,22-Mar-2019,106.09,106.51,106.04,106.34,4721800
IEI,22-Mar-2019,122.79,123.085,122.75,122.99,559100
IEP,22-Mar-2019,73.56,73.56,72.5563,72.85,43100
IESC,22-Mar-2019,18.2459,18.2459,17.42,17.43,27000
IEUS,22-Mar-2019,50.87,51,50.3301,50.5189,9800
IFEU,22-Mar-2019,37.99,38.25,37.99,38.25,2200
IFGL,22-Mar-2019,30.07,30.19,30,30.01,50600
IFMK,22-Mar-2019,1.16,1.16,1.02,1.11,45400
IFRX,22-Mar-2019,44.43,45.21,43.02,43.69,97400
IFV,22-Mar-2019,19.22,19.3262,18.92,18.92,99900
IGF,22-Mar-2019,44.58,44.74,44.46,44.46,293500
IGIB,22-Mar-2019,54.84,54.99,54.82,54.9,641800
IGOV,22-Mar-2019,49.21,49.2899,49.1401,49.25,34000
IGSB,22-Mar-2019,52.67,52.77,52.67,52.73,544000
III,22-Mar-2019,3.61,3.78,3.61,3.73,168700
IIIN,22-Mar-2019,20.06,20.17,19.3,19.31,96400
IIIV,22-Mar-2019,23,23,22.3739,22.45,52500
IIN,22-Mar-2019,23.51,23.51,21.96,22.01,139900
IIVI,22-Mar-2019,38.6,38.6,36.46,36.47,634600
IJT,22-Mar-2019,180.05,180.23,174.52,174.52,109300
IKNX,22-Mar-2019,8.04,8.04,8,8.0001,2400
ILMN,22-Mar-2019,319.08,319.267,308.4,308.79,1008900
ILPT,22-Mar-2019,20.38,20.56,19.84,19.84,267800
IMAC,22-Mar-2019,3.84,4.2475,3.84,4.02,13100
IMACW,22-Mar-2019,0.4958,0.4958,0.4958,0.4958,0
IMGN,22-Mar-2019,2.6,2.62,2.4,2.41,3260600
IMKTA,22-Mar-2019,27.98,28.3075,27.29,27.55,56400
IMMP,22-Mar-2019,3.22,3.23,2.52,2.57,11700100
IMMR,22-Mar-2019,8.25,8.29,7.92,7.93,306200
IMMU,22-Mar-2019,18.19,18.2065,17.3,17.5,2940900
IMOS,22-Mar-2019,17.49,17.49,16.92,16.92,14300
IMRN,22-Mar-2019,6.95,6.95,6.95,6.95,0
IMRNW,22-Mar-2019,2.7047,2.7047,2.7047,2.7047,0
IMTE,22-Mar-2019,8.39,8.7832,8.0401,8.7832,10100
IMV,22-Mar-2019,3.89,3.92,3.6,3.6,40700
IMXI,22-Mar-2019,10.78,10.99,10.65,10.82,10300
INBK,22-Mar-2019,18.79,18.8407,17.6884,18.05,88200
INBKL,22-Mar-2019,25.4,25.4,25.1245,25.2326,1500
INCY,22-Mar-2019,86.75,87.1,85.3,85.34,1531800
INDB,22-Mar-2019,77,78.13,74,74.4,117400
INDY,22-Mar-2019,37.48,37.54,37.13,37.18,157400
INFI,22-Mar-2019,1.7,1.8,1.7,1.76,282800
INFN,22-Mar-2019,4.49,4.54,4.24,4.32,5058300
INFR,22-Mar-2019,30.0153,30.0153,29.9287,29.9287,400
INGN,22-Mar-2019,94.17,94.57,89.7901,90.12,431300
INMB,22-Mar-2019,8,8,7.9512,7.995,2200
INO,22-Mar-2019,3.7,3.71,3.52,3.62,1904200
INOD,22-Mar-2019,1.4,1.47,1.4,1.42,28700
INOV,22-Mar-2019,12.54,12.776,12.25,12.26,656800
INPX,22-Mar-2019,1.15,1.16,1.08,1.11,581000
INSE,22-Mar-2019,6.55,6.58,6.29,6.29,7000
INSG,22-Mar-2019,5.2,5.38,4.95,4.97,918400
INSM,22-Mar-2019,28.86,29,28.2,28.21,662500
INSUU,22-Mar-2019,10.12,10.12,10.12,10.12,100000
INTC,22-Mar-2019,54.4,54.615,53.21,53.26,21438400
INTG,22-Mar-2019,30.5,30.5,30.5,30.5,0
INTU,22-Mar-2019,258.36,259.64,252.47,252.68,1544800
INVA,22-Mar-2019,13.89,14.08,13.67,13.74,875200
INVE,22-Mar-2019,5.5,5.7034,5.47,5.66,26300
INWK,22-Mar-2019,3.95,4,3.73,3.79,385400
IONS,22-Mar-2019,80.3,80.6,78.52,78.9,790800
IOSP,22-Mar-2019,82.57,83.305,79.23,79.91,121900
IOVA,22-Mar-2019,10.24,10.28,9.55,9.55,778700
IPAR,22-Mar-2019,76.74,77.19,75.05,75.13,94700
IPDN,22-Mar-2019,3.1457,3.1721,3,3.089,8900
IPGP,22-Mar-2019,151.85,152.2,144.47,144.77,404200
IPKW,22-Mar-2019,31.64,31.64,31.27,31.27,206900
IPLDP,22-Mar-2019,25.19,25.22,25.11,25.19,31300
IPWR,22-Mar-2019,4.1,4.3,3.853,4.08,94900
IQ,22-Mar-2019,25.75,26.04,24.93,25.02,7941100
IRBT,22-Mar-2019,124.93,125.29,118.88,119.25,567500
IRCP,22-Mar-2019,21.7,22,21.5,22,6000
IRDM,22-Mar-2019,26.67,27.31,26.27,26.4,1582100
IRIX,22-Mar-2019,4.2811,4.61,4.223,4.38,9500
IRMD,22-Mar-2019,27.57,28.087,27.45,27.6,68100
IROQ,22-Mar-2019,21.55,21.55,21.0244,21.0244,1200
IRTC,22-Mar-2019,90.39,90.4627,84.83,84.94,410800
IRWD,22-Mar-2019,14.11,14.15,13.605,13.62,1450100
ISBC,22-Mar-2019,11.71,11.77,11.31,11.45,3305400
ISDS,22-Mar-2019,23.36,23.36,23.36,23.36,0
ISDX,22-Mar-2019,24.85,24.85,24.85,24.85,0
ISEM,22-Mar-2019,26.72,26.72,26.7,26.7,500
ISHG,22-Mar-2019,79.3332,79.4,79.22,79.2936,10300
ISIG,22-Mar-2019,1.39,1.45,1.32,1.36,37400
ISNS,22-Mar-2019,5.325,5.325,5.222,5.2995,900
ISRG,22-Mar-2019,573.66,574.275,560.75,561.26,562700
ISSC,22-Mar-2019,3.01,3.15,3.01,3.13,9700
ISTB,22-Mar-2019,49.75,49.8,49.7132,49.8,415100
ISTR,22-Mar-2019,22.95,23.21,22.28,22.28,29800
ITCI,22-Mar-2019,12.95,12.99,12.03,12.04,291800
ITI,22-Mar-2019,4.21,4.2759,4.01,4.15,78100
ITIC,22-Mar-2019,160.03,160.03,160.03,160.03,900
ITMR,22-Mar-2019,13.24,13.24,13.24,13.24,100
ITRI,22-Mar-2019,50.8,50.91,48.05,48.25,352800
ITRM,22-Mar-2019,7.6,7.6,7.27,7.27,8100
ITRN,22-Mar-2019,33.9,33.9,33.23,33.31,66100
IUSB,22-Mar-2019,50.36,50.497,50.34,50.46,141900
IUSG,22-Mar-2019,60.36,60.48,59.5,59.54,1035400
IUSS,22-Mar-2019,22.75,22.75,22.75,22.75,100
IUSV,22-Mar-2019,55.02,55.14,54.14,54.2,983600
IVAC,22-Mar-2019,6.01,6.1,6,6.1,57200
IXUS,22-Mar-2019,58.08,58.1478,57.49,57.52,832600
IZEA,22-Mar-2019,1.395,1.4,1.38,1.3877,14600
JACK,22-Mar-2019,77.01,77.78,76.54,77.19,400000
JAGX,22-Mar-2019,23.8,27.23,21.56,23.31,28595700
JAKK,22-Mar-2019,1.11,1.11,1.04,1.05,54400
JAZZ,22-Mar-2019,135.83,136.99,134.6,136.6,845000
JBHT,22-Mar-2019,99.8,99.8075,97.43,97.54,1079300
JBLU,22-Mar-2019,16.24,16.28,15.915,15.93,5505300
JBSS,22-Mar-2019,70.72,72.23,69.28,69.3,41700
JCOM,22-Mar-2019,86.41,86.93,84.61,84.65,229400
JCS,22-Mar-2019,2.73,2.7637,2.73,2.73,4400
JCTCF,22-Mar-2019,8.1,8.46,8.05,8.21,6100
JD,22-Mar-2019,28.41,28.76,27.84,28,13944200
JG,22-Mar-2019,6.73,7,6.5,6.81,105100
JJSF,22-Mar-2019,155.28,156.9976,154.53,154.63,73100
JKHY,22-Mar-2019,137.63,137.83,135.69,135.77,333600
JKI,22-Mar-2019,155.78,155.78,153.42,154.2316,6100
JNCE,22-Mar-2019,6.44,6.58,5.9444,6.01,272500
JOBS,22-Mar-2019,74.64,74.9,73.34,73.83,181200
JOUT,22-Mar-2019,69.43,70.125,66.45,66.76,66300
JRJC,22-Mar-2019,1.42,1.42,1.26,1.29,265800
JRSH,22-Mar-2019,7.25,7.25,7.15,7.15,28900
JRVR,22-Mar-2019,39.93,40.14,39.5,39.74,141200
JSM,22-Mar-2019,21.66,21.7655,21.213,21.42,15100
JSMD,22-Mar-2019,43.4067,43.4067,42.07,42.07,5900
JSML,22-Mar-2019,41.38,41.6,40.3301,40.5455,10300
JVA,22-Mar-2019,5.7,5.7225,5.43,5.47,65800
JYNT,22-Mar-2019,15.67,15.77,13.9,14.84,204000
KALA,22-Mar-2019,7.65,7.77,7.14,7.42,234000
KALU,22-Mar-2019,105.84,106.4244,102.77,103.3,142500
KALV,22-Mar-2019,27.44,28.53,27.4,28.2,73800
KBAL,22-Mar-2019,14.58,14.65,13.805,13.82,77000
KBLM,22-Mar-2019,10.35,10.35,10.35,10.35,11500
KBLMR,22-Mar-2019,0.23,0.23,0.23,0.23,0
KBLMW,22-Mar-2019,0.115,0.1352,0.115,0.12,2200
KBSF,22-Mar-2019,3.66,3.85,3.35,3.85,26900
KBWB,22-Mar-2019,48.58,48.67,46.92,47.17,2264000
KBWD,22-Mar-2019,21.69,21.69,21.3759,21.42,89700
KBWP,22-Mar-2019,61.5,61.8033,61.4899,61.5003,2600
KBWR,22-Mar-2019,48.51,48.51,46.53,46.99,9000
KBWY,22-Mar-2019,30.13,30.14,29.66,29.67,51900
KCAPL,22-Mar-2019,25.25,25.25,25.1201,25.2299,2900
KE,22-Mar-2019,16.77,17.0625,16.08,16.11,61000
KELYA,22-Mar-2019,22.14,22.14,21.46,21.47,138200
KELYB,22-Mar-2019,20.91,20.91,20.91,20.91,0
KEQU,22-Mar-2019,21.4,22.52,20.88,21.2,18800
KFFB,22-Mar-2019,7.75,7.75,7.7,7.7,4300
KFRC,22-Mar-2019,35.76,35.95,34.1,34.2,110800
KGJI,22-Mar-2019,0.8564,0.857,0.8228,0.8569,30500
KHC,22-Mar-2019,32.83,32.85,32.19,32.29,12098200
KIDS,22-Mar-2019,45.81,47.06,44.02,44.55,67100
KIN,22-Mar-2019,8.84,8.84,8.27,8.27,253800
KINS,22-Mar-2019,15.24,15.57,15.04,15.11,34000
KIRK,22-Mar-2019,7.69,7.72,7.13,7.16,297400
KLAC,22-Mar-2019,122.95,123.93,120.3162,120.53,1593000
KLDO,22-Mar-2019,13.31,14.21,13.31,13.8,58900
KLIC,22-Mar-2019,22.84,22.85,22.09,22.14,293500
KLXE,22-Mar-2019,26.27,26.53,24.78,24.85,109400
KMDA,22-Mar-2019,5.85,5.92,5.7405,5.83,55700
KNDI,22-Mar-2019,7.23,7.3,6.8,6.86,895100
KNSA,22-Mar-2019,17.25,17.5,15.9,15.96,234100
KNSL,22-Mar-2019,69.04,69.25,68.055,68.1,50700
KOD,22-Mar-2019,6.75,6.97,6.39,6.6,55000
KOPN,22-Mar-2019,1.18,1.18,1.05,1.1,1230500
KOSS,22-Mar-2019,1.873,2.0483,1.87,2.0483,4100
KPTI,22-Mar-2019,5.79,5.87,5.29,5.44,1750900
KRMA,22-Mar-2019,21.3,21.3,20.7415,20.7415,11300
KRNT,22-Mar-2019,23.62,24.08,23.25,23.35,152400
KRNY,22-Mar-2019,12.96,12.96,12.58,12.6,399600
KRYS,22-Mar-2019,24.01,25.15,23.4887,25.02,114300
KTCC,22-Mar-2019,6.21,6.2279,6.21,6.21,3900
KTOS,22-Mar-2019,16.06,16.14,15.52,15.63,943100
KTOV,22-Mar-2019,1.16,1.1612,1.09,1.13,258900
KTOVW,22-Mar-2019,0.19,0.245,0.1606,0.2071,10200
KURA,22-Mar-2019,15.82,15.845,14.88,14.89,131500
KVHI,22-Mar-2019,10.62,10.75,10.19,10.2,28300
KZIA,22-Mar-2019,3.6,3.63,3.4002,3.5899,9100
KZR,22-Mar-2019,17.91,18.095,16.78,16.83,64900
LACQ,22-Mar-2019,10,10,10,10,0
LACQU,22-Mar-2019,10.25,10.25,10.25,10.25,0
LACQW,22-Mar-2019,0.6,0.6,0.6,0.6,0
LAKE,22-Mar-2019,11.07,11.36,11.07,11.35,24100
LAMR,22-Mar-2019,80,80.38,76.49,76.7,465300
LANC,22-Mar-2019,155.62,156.89,154.02,154.51,113200
LAND,22-Mar-2019,12.5,12.5726,12.13,12.13,73300
LANDP,22-Mar-2019,25.6054,25.6415,25.5561,25.605,1400
LARK,22-Mar-2019,24.3,24.48,23.68,23.85,16600
LASR,22-Mar-2019,23.06,23.19,22.35,22.39,930300
LAUR,22-Mar-2019,15.41,15.55,15.13,15.13,639500
LAWS,22-Mar-2019,31.75,31.88,30.8,30.9,20000
LAZY,22-Mar-2019,5.18,5.19,5.0101,5.02,9900
LBAI,22-Mar-2019,14.98,15.07,14.24,14.3,152100
LBC,22-Mar-2019,9.68,9.9916,9.63,9.74,175100
LBRDA,22-Mar-2019,93.8,93.9995,92.5,92.73,73800
LBRDK,22-Mar-2019,94.14,94.18,92.64,92.81,426200
LBTYA,22-Mar-2019,26.42,26.46,25.97,26.03,1139900
LBTYB,22-Mar-2019,26.6,26.6,26.6,26.6,0
LBTYK,22-Mar-2019,25.68,25.76,25.3,25.36,2364700
LCNB,22-Mar-2019,16.8,16.8,16.35,16.48,21000
LCUT,22-Mar-2019,9.42,9.51,9.41,9.45,72900
LDSF,22-Mar-2019,20.44,20.44,20.3,20.3,23900
LE,22-Mar-2019,16.11,16.87,15.83,15.83,341500
LECO,22-Mar-2019,84.6,84.63,81.45,81.51,306600
LEDS,22-Mar-2019,3.96,4,3.84,3.9,90000
LEGH,22-Mar-2019,13.61,13.74,13.305,13.4,34200
LEGR,22-Mar-2019,29.31,29.31,28.821,28.89,6600
LEVL,22-Mar-2019,22.99,23.75,22.54,23.7,11900
LFAC,22-Mar-2019,10.04,10.04,10.04,10.04,0
LFACU,22-Mar-2019,10.35,10.35,10.35,10.35,0
LFACW,22-Mar-2019,0.35,0.35,0.35,0.35,0
LFUS,22-Mar-2019,191.32,191.475,182.41,182.72,142000
LFVN,22-Mar-2019,14.81,14.98,14.0563,14.15,117700
LGIH,22-Mar-2019,55.62,59.17,55.4,58.19,461400
LGND,22-Mar-2019,128.06,129.57,124.85,124.86,582300
LHCG,22-Mar-2019,113.36,115.54,111.14,111.18,220000
LIFE,22-Mar-2019,7.7,8.0878,7.14,7.8134,1169100
LILA,22-Mar-2019,20.23,20.323,19.5407,19.68,250600
LILAK,22-Mar-2019,20.17,20.25,19.5,19.57,285800
LINC,22-Mar-2019,3.0601,3.15,3.042,3.042,15300
LIND,22-Mar-2019,15.09,15.37,15.05,15.22,151700
LITE,22-Mar-2019,53.86,54.34,51.84,52.84,2942200
LIVE,22-Mar-2019,7.65,7.69,7.6408,7.69,5900
LIVN,22-Mar-2019,97.29,97.56,95.42,95.85,396500
LIVX,22-Mar-2019,6.07,6.07,5.55,5.73,60900
LJPC,22-Mar-2019,7.07,7.1259,6.74,6.76,691000
LKCO,22-Mar-2019,7.88,7.88,7.4,7.73,38900
LKFN,22-Mar-2019,44.72,44.97,42.83,42.83,127600
LKQ,22-Mar-2019,28.85,28.94,28.35,28.36,1689200
LLIT,22-Mar-2019,1.5003,1.5003,1.5003,1.5003,0
LLNW,22-Mar-2019,3.02,3.02,2.915,2.92,657900
LMAT,22-Mar-2019,31.23,31.81,30.33,30.33,148000
LMB,22-Mar-2019,7.59,7.65,6.8674,7,40100
LMBS,22-Mar-2019,51.23,51.28,51.22,51.27,432300
LMFA,22-Mar-2019,1.38,1.39,1.27,1.285,144800
LMFAW,22-Mar-2019,0.0201,0.0201,0.0201,0.0201,0
LMNR,22-Mar-2019,23.25,23.42,23.06,23.18,86000
LMNX,22-Mar-2019,24.13,24.62,23.87,23.88,473200
LMRK,22-Mar-2019,16.26,16.4699,15.8,16.18,161500
LMRKN,22-Mar-2019,24.72,24.72,24.51,24.5101,6800
LMRKO,22-Mar-2019,24.969,24.99,24.941,24.9612,5800
LMRKP,22-Mar-2019,25.2716,25.3228,25.1,25.3228,8600
LMST,22-Mar-2019,14.95,14.975,14.75,14.75,17300
LNDC,22-Mar-2019,12.08,12.16,11.68,11.74,62900
LNGR,22-Mar-2019,21.64,21.64,21.2525,21.4,1200
LNT,22-Mar-2019,47.27,47.885,47.22,47.55,1165500
LNTH,22-Mar-2019,24.89,25.2,23.59,23.62,212100
LOAC,22-Mar-2019,9.97,9.9836,9.97,9.97,13500
LOACR,22-Mar-2019,0.2,0.2,0.2,0.2,0
LOACW,22-Mar-2019,0.12,0.14,0.12,0.14,800
LOAN,22-Mar-2019,6.32,6.3511,6.25,6.35,26200
LOB,22-Mar-2019,14.12,14.1504,13.53,13.75,322400
LOCO,22-Mar-2019,12.94,12.94,12.6,12.74,487700
LOGC,22-Mar-2019,9.7,9.89,9.64,9.64,7500
LOGI,22-Mar-2019,37.89,37.985,36.98,37.03,301700
LOGM,22-Mar-2019,80.43,80.87,78.5,78.74,902500
LONE,22-Mar-2019,4.48,4.48,4.12,4.21,187300
LOOP,22-Mar-2019,8.66,8.8275,8.03,8.47,68800
LOPE,22-Mar-2019,114.6,115.42,113.47,113.9,447000
LORL,22-Mar-2019,37.87,37.87,36.75,36.9,34300
LOVE,22-Mar-2019,28.32,28.51,25.94,26.15,94000
LPCN,22-Mar-2019,2.15,2.22,2.1,2.2,200100
LPLA,22-Mar-2019,73.02,73.0252,68.14,68.16,1233100
LPSN,22-Mar-2019,29.39,29.57,28.2,28.2,624500
LPTH,22-Mar-2019,1.56,1.64,1.54,1.61,46200
LPTX,22-Mar-2019,2.08,2.09,1.94,1.97,1000600
LQDA,22-Mar-2019,11.24,11.41,10.8,11.09,284800
LQDT,22-Mar-2019,7.66,7.7,7.39,7.4,90600
LRCX,22-Mar-2019,182.31,184.44,178.9774,179.45,2204700
LRGE,22-Mar-2019,33.44,33.44,32.82,32.82,13600
LSBK,22-Mar-2019,15.879,15.879,15.879,15.879,200
LSCC,22-Mar-2019,12.6,12.65,12.115,12.23,1409600
LSTR,22-Mar-2019,108.03,108.26,105.6,105.67,392100
LSXMA,22-Mar-2019,39.48,39.48,38.77,38.82,479400
LSXMB,22-Mar-2019,39.63,39.63,39.63,39.63,0
LSXMK,22-Mar-2019,39.57,39.57,38.96,39.02,531100
LTBR,22-Mar-2019,0.62,0.621,0.5801,0.592,184600
LTRPA,22-Mar-2019,14.47,14.54,13.91,13.93,352000
LTRPB,22-Mar-2019,14.95,14.95,14.95,14.95,0
LTRX,22-Mar-2019,2.42,2.67,2.42,2.56,87600
LULU,22-Mar-2019,145.73,147.63,142.24,143.21,2644500
LUNA,22-Mar-2019,4.25,4.3386,4.14,4.18,63200
LVHD,22-Mar-2019,31.99,32.12,31.85,31.85,87800
LWAY,22-Mar-2019,2.24,2.24,2.06,2.15,20900
LX,22-Mar-2019,11.16,11.29,10.55,10.75,1031800
LXRX,22-Mar-2019,7.91,8.04,4.25,6.2,3482300
LYL,22-Mar-2019,1.84,1.84,1.42,1.4781,190400
LYTS,22-Mar-2019,2.75,2.79,2.6805,2.72,84600
MACK,22-Mar-2019,7.1,7.212,6.2811,6.69,50700
MAGS,22-Mar-2019,5.1308,5.1308,5.1,5.1,25200
MANH,22-Mar-2019,56.02,56.245,54.04,54.08,295400
MANT,22-Mar-2019,53.57,53.755,51.84,51.93,84800
MAR,22-Mar-2019,124.37,124.91,123.42,124.5,3400900
MARA,22-Mar-2019,2.4556,2.4668,2.28,2.2948,459900
MARK,22-Mar-2019,2.4,2.4299,2.35,2.355,152300
MARPS,22-Mar-2019,2.45,2.66,2.33,2.58,18400
MASI,22-Mar-2019,136.78,136.79,133.67,133.68,324400
MAT,22-Mar-2019,13.45,13.45,12.82,13.21,5195700
MATW,22-Mar-2019,37.29,37.65,35.85,35.86,102600
MAYS,22-Mar-2019,38.32,38.32,38.32,38.32,0
MBB,22-Mar-2019,106.08,106.34,106.0438,106.2,616000
MBCN,22-Mar-2019,42,42.05,42,42,4100
MBII,22-Mar-2019,1.62,1.65,1.57,1.59,119900
MBIN,22-Mar-2019,19.92,20.225,18.93,18.95,47000
MBIO,22-Mar-2019,3.91,3.92,3.48,3.52,60700
MBOT,22-Mar-2019,8.29,8.39,7.7833,7.86,105300
MBRX,22-Mar-2019,1.33,1.35,1.29,1.32,67600
MBSD,22-Mar-2019,23.2,23.2,23.1928,23.195,7900
MBUU,22-Mar-2019,39.22,39.33,37.12,37.18,360100
MBWM,22-Mar-2019,32.19,32.57,30.66,30.93,51200
MCBC,22-Mar-2019,9.72,9.96,9.32,9.32,62100
MCEF,22-Mar-2019,18.3447,18.36,18.3447,18.36,800
MCEP,22-Mar-2019,0.8998,0.9,0.8601,0.8601,37200
MCFT,22-Mar-2019,22.34,22.58,20.82,20.86,292300
MCHI,22-Mar-2019,61.8,61.93,60.81,60.85,8321400
MCHP,22-Mar-2019,86.71,87.35,85.4,85.42,2017300
MCHX,22-Mar-2019,4.9,4.94,4.7582,4.76,175500
MCRB,22-Mar-2019,6.68,6.68,6.03,6.22,214000
MCRI,22-Mar-2019,44.11,44.32,42.86,42.86,25400
MDB,22-Mar-2019,153.25,154.619,147.58,152.76,2551500
MDCA,22-Mar-2019,1.71,1.9,1.7,1.85,956500
MDGL,22-Mar-2019,142.37,142.575,134.28,134.28,235700
MDGS,22-Mar-2019,2.95,2.95,2.89,2.93,5600
MDGSW,22-Mar-2019,0.575,0.575,0.575,0.575,0
MDIV,22-Mar-2019,18.34,18.36,18.17,18.2,76600
MDJH,22-Mar-2019,3.8,3.8,3.76,3.76,3000
MDLZ,22-Mar-2019,48.79,49.3333,48.79,49.13,6978900
MDRR,22-Mar-2019,8.3092,8.741,8.1745,8.1745,3600
MDRX,22-Mar-2019,10.47,10.55,9.9,9.9,3080600
MDWD,22-Mar-2019,5.22,5.28,5.07,5.189,45700
MEDP,22-Mar-2019,58.4,58.86,56.48,56.65,403200
MEET,22-Mar-2019,5.58,5.705,5.51,5.6,1122800
MEIP,22-Mar-2019,3.06,3.14,3.02,3.05,105500
MELI,22-Mar-2019,499.28,503.56,489.37,497.37,702900
MEOH,22-Mar-2019,59.72,59.85,57.57,57.72,353900
MERC,22-Mar-2019,14.01,14.09,13.52,13.59,157300
MESA,22-Mar-2019,8.73,8.73,8.23,8.5,298200
MESO,22-Mar-2019,4.93,4.9433,4.8,4.85,64700
METC,22-Mar-2019,6.6,6.75,6.24,6.24,92500
MFIN,22-Mar-2019,6.55,6.63,6.05,6.07,76700
MFINL,22-Mar-2019,25.705,25.705,25.61,25.61,400
MFNC,22-Mar-2019,15.5465,15.58,15.5,15.545,2100
MGEE,22-Mar-2019,65.84,67.15,65.84,65.92,94700
MGEN,22-Mar-2019,3.42,3.47,3,3.18,497700
MGI,22-Mar-2019,2.24,2.24,2.11,2.14,318100
MGIC,22-Mar-2019,8.55,8.63,8.3913,8.45,11300
MGLN,22-Mar-2019,66.05,66.545,64.489,64.63,225100
MGNX,22-Mar-2019,19.67,19.89,18.94,18.98,695500
MGPI,22-Mar-2019,77.26,78.52,76.51,77.24,180200
MGRC,22-Mar-2019,58.17,58.49,57.31,57.57,116600
MGTA,22-Mar-2019,18.35,19.02,17.52,18.57,369000
MGTX,22-Mar-2019,19.56,20.065,18.1505,18.31,154800
MGYR,22-Mar-2019,11.66,11.66,11.66,11.66,0
MHLD,22-Mar-2019,0.78,0.81,0.72,0.7251,440700
MICT,22-Mar-2019,1.26,1.2828,1.245,1.26,77900
MIDD,22-Mar-2019,127.76,127.76,125.07,126.05,503600
MIK,22-Mar-2019,11.87,11.98,11.21,11.26,3921000
MILN,22-Mar-2019,23.66,23.6674,23.2201,23.2201,12400
MIME,22-Mar-2019,47.4,47.8,44.71,45.26,836100
MIND,22-Mar-2019,3.99,3.99,3.88,3.99,6200
MINDP,22-Mar-2019,24.65,24.65,24.4403,24.4403,600
MITK,22-Mar-2019,11.8,11.82,11.56,11.76,384600
MITO,22-Mar-2019,12.75,13.0556,11.5,12,48600
MJCO,22-Mar-2019,7.15,7.16,6.9,7.05,28300
MKGI,22-Mar-2019,2.2,2.25,2.1,2.1799,25300
MKSI,22-Mar-2019,91.97,92.22,90.5,90.77,1372100
MKTX,22-Mar-2019,238.98,240.895,237.18,238.34,180000
MLAB,22-Mar-2019,230.82,233.58,226.01,226.22,38400
MLCO,22-Mar-2019,22.25,22.3093,21.56,21.62,4239500
MLHR,22-Mar-2019,35.77,35.77,34.25,34.59,428300
MLND,22-Mar-2019,14.45,14.84,14.1,14.69,25000
MLVF,22-Mar-2019,20.38,20.94,20,20,10100
MMAC,22-Mar-2019,31.76,32.445,31.3178,32.1,7600
MMLP,22-Mar-2019,12.21,12.3876,12.1343,12.33,126000
MMSI,22-Mar-2019,60.48,60.49,58.72,58.77,246200
MMYT,22-Mar-2019,27.05,27.26,25.27,25.36,304000
MNCL,22-Mar-2019,9.77,9.77,9.77,9.77,0
MNCLW,22-Mar-2019,0.3,0.3,0.3,0.3,0
MNDO,22-Mar-2019,2.16,2.19,2.16,2.19,28200
MNKD,22-Mar-2019,2.19,2.23,2.07,2.13,3835800
MNLO,22-Mar-2019,7.85,8,7.59,7.76,155000
MNOV,22-Mar-2019,8.56,8.8382,7.99,8,83800
MNRO,22-Mar-2019,82.79,82.79,78.94,79,380900
MNST,22-Mar-2019,54.21,54.45,52.9399,53.51,8341000
MNTA,22-Mar-2019,13.96,14.15,12.95,12.97,496700
MNTX,22-Mar-2019,7.84,7.9,7.36,7.37,77000
MOBL,22-Mar-2019,5.6,5.63,5.295,5.3,668800
MOFG,22-Mar-2019,27.99,28.03,26.38,26.43,26000
MOGO,22-Mar-2019,2.3584,2.3584,2.27,2.3,14400
MOMO,22-Mar-2019,38.08,38.4,36.89,37.13,2264000
MOR,22-Mar-2019,23.42,23.46,22.9389,22.94,13700
MORN,22-Mar-2019,121.34,122.32,120.19,120.89,81500
MOSY,22-Mar-2019,4.2,4.36,3.898,4.01,839200
MOTS,22-Mar-2019,3.9,4.0356,3.86,3.88,15100
MOXC,22-Mar-2019,4.4,4.4,4.0775,4.25,43700
MPAA,22-Mar-2019,19.81,19.83,18.65,18.76,169300
MPB,22-Mar-2019,24.28,24.77,24,24,9800
MPWR,22-Mar-2019,143.87,144,139.61,139.67,267300
MRAM,22-Mar-2019,7.6,7.795,7.42,7.42,110500
MRBK,22-Mar-2019,17.6,18.08,17.53,17.78,3900
MRCC,22-Mar-2019,12.3,12.3,12.02,12.13,96800
MRCCL,22-Mar-2019,24.68,24.8732,24.6,24.8732,8900
MRCY,22-Mar-2019,64.43,65.47,62.68,62.69,326000
MRIN,22-Mar-2019,4.24,4.39,4.2319,4.29,24300
MRKR,22-Mar-2019,6.07,6.0837,5.6,5.99,356500
MRLN,22-Mar-2019,22,22.21,21.84,21.84,17600
MRNA,22-Mar-2019,19.38,19.7,18.75,19,579400
MRNS,22-Mar-2019,4.11,4.14,3.84,3.84,713500
MRSN,22-Mar-2019,4.86,4.91,4.675,4.77,272000
MRTN,22-Mar-2019,17.03,17.0493,16.6,16.61,213000
MRTX,22-Mar-2019,74.8,76,73.1,73.23,472900
MRUS,22-Mar-2019,12.85,12.85,12.4669,12.84,4100
MRVL,22-Mar-2019,20.6,20.69,19.65,19.71,11485100
MSBI,22-Mar-2019,24.32,24.32,22.95,22.97,73800
MSEX,22-Mar-2019,58.65,58.65,56.52,56.52,46400
MSFT,22-Mar-2019,119.5,119.59,117.04,117.05,33624500
MSON,22-Mar-2019,20.135,20.724,19.61,19.72,4600
MSTR,22-Mar-2019,149,149.46,143.61,143.83,89800
MSVB,22-Mar-2019,12.89,12.89,12.89,12.89,100
MTBC,22-Mar-2019,4.65,4.65,4.48,4.62,61600
MTBCP,22-Mar-2019,26.75,26.99,26.7,26.89,20100
MTC,22-Mar-2019,4.91,4.94,4.77,4.8,5400
MTCH,22-Mar-2019,59.14,59.57,57.38,57.59,1481200
MTEM,22-Mar-2019,5.65,5.7,5.28,5.43,54000
MTEX,22-Mar-2019,17.8239,18,17.8239,18,400
MTLS,22-Mar-2019,17,17.03,16.2,16.27,62200
MTP,22-Mar-2019,3.75,3.75,3.201,3.291,398000
MTRX,22-Mar-2019,21.31,21.56,20.59,20.59,180500
MTSC,22-Mar-2019,54.28,54.28,52.87,53.16,82300
MTSI,22-Mar-2019,18.94,19.09,17.95,17.97,466800
MTSL,22-Mar-2019,1.93,1.95,1.85,1.91,17700
MU,22-Mar-2019,43.47,43.48,41.55,41.62,46605600
MVBF,22-Mar-2019,15.35,15.94,15.35,15.73,10300
MVIS,22-Mar-2019,0.99,0.9973,0.9403,0.9759,282800
MXIM,22-Mar-2019,55.02,55.35,54.18,54.21,1343600
MYFW,22-Mar-2019,13.16,13.5,13.04,13.5,1100
MYGN,22-Mar-2019,33.3,33.58,32.9484,33.1,901700
MYL,22-Mar-2019,29.02,29.12,28.32,28.69,5578300
MYOK,22-Mar-2019,55.66,56,53.02,54.31,895400
MYOS,22-Mar-2019,1.48,1.5398,1.4,1.48,19800
MYRG,22-Mar-2019,35.21,35.21,33.64,33.67,57700
MYSZ,22-Mar-2019,0.88,0.88,0.8,0.8301,163500
MYT,22-Mar-2019,2.02,2.57,2.02,2.3067,832700
NAII,22-Mar-2019,11.583,11.583,10.91,10.9643,7000
NAKD,22-Mar-2019,0.367,0.367,0.33,0.3392,165100
NAOV,22-Mar-2019,3.89,4.025,3.89,4,13000
NATH,22-Mar-2019,70.62,70.68,69.11,69.11,7600
NATI,22-Mar-2019,45.28,45.33,44.03,44.11,724700
NATR,22-Mar-2019,9.12,9.675,8.8677,9.11,15800
NAVI,22-Mar-2019,11.95,11.95,11.48,11.59,1694700
NBEV,22-Mar-2019,5.24,5.36,5.07,5.08,4054500
NBIX,22-Mar-2019,89.27,89.54,84.96,85.11,819200
NBN,22-Mar-2019,20.6,20.9,20.25,20.39,25800
NBRV,22-Mar-2019,3.15,3.15,2.9,3.01,947600
NBTB,22-Mar-2019,35.77,35.945,34.29,34.51,148300
NCBS,22-Mar-2019,56.33,56.5,55.35,55.55,39300
NCMI,22-Mar-2019,7.34,7.43,7.23,7.27,306600
NCNA,22-Mar-2019,17.32,19.28,16.87,18.03,81500
NCSM,22-Mar-2019,4.78,4.87,4.46,4.6,113800
NCTY,22-Mar-2019,2.72,2.8,2.33,2.52,554000
NDAQ,22-Mar-2019,83.81,84.33,83.31,83.89,725200
NDLS,22-Mar-2019,6.59,6.81,6.5,6.61,622000
NDRA,22-Mar-2019,3.28,3.39,2.96,3.21,346000
NDRAW,22-Mar-2019,1.12,1.17,1.05,1.0708,8800
NDSN,22-Mar-2019,132.87,133.25,127.85,127.95,160400
NEO,22-Mar-2019,19.77,19.92,18.71,18.76,662500
NEOG,22-Mar-2019,63.78,64.27,59.6,59.68,239000
NEON,22-Mar-2019,2.76,2.85,2.76,2.8399,4000
NEOS,22-Mar-2019,3.33,3.38,3.1,3.28,647900
NEPT,22-Mar-2019,3.21,3.21,2.98,2.98,1090000
NERV,22-Mar-2019,8.26,8.29,7.57,7.59,159200
NESR,22-Mar-2019,10.73,10.73,10.41,10.59,23100
NESRW,22-Mar-2019,1.08,1.08,1.08,1.08,0
NETE,22-Mar-2019,5.86,5.91,5.8,5.9,21200
NEWA,22-Mar-2019,7.34,7.49,7.05,7.21,255400
NEWT,22-Mar-2019,18.93,18.9401,18.35,18.5,255100
NEWTI,22-Mar-2019,25.5,25.5589,25.2737,25.53,12900
NEXT,22-Mar-2019,4.85,4.85,4.61,4.62,20600
NFBK,22-Mar-2019,13.86,13.92,13.39,13.39,144000
NFE,22-Mar-2019,10.79,10.85,10.05,10.16,201800
NFLX,22-Mar-2019,375.95,376.43,360.04,361.01,8661300
NFTY,22-Mar-2019,37.39,37.39,36.8603,36.8603,700
NGHC,22-Mar-2019,24.24,24.43,23.84,23.84,228600
NGHCN,22-Mar-2019,21.58,21.71,21.4,21.65,24300
NGHCO,22-Mar-2019,22.0971,22.5,22.0971,22.5,19800
NGHCP,22-Mar-2019,23.5,23.75,23.15,23.62,3100
NGHCZ,22-Mar-2019,25.05,25.1975,25.05,25.13,7600
NH,22-Mar-2019,0.98,1.01,0.9275,0.93,274500
NHLD,22-Mar-2019,3.15,3.18,3.01,3.01,16200
NHLDW,22-Mar-2019,0.36,0.36,0.36,0.36,0
NHTC,22-Mar-2019,13.02,13.22,12.68,12.73,122300
NICE,22-Mar-2019,118.24,118.26,116.19,117,114400
NICK,22-Mar-2019,9.2,9.2,8.495,8.7,8800
NIU,22-Mar-2019,8,8.0485,7.83,7.89,38400
NK,22-Mar-2019,1.37,1.38,1.25,1.26,295700
NKSH,22-Mar-2019,42.45,42.45,41.17,41.17,6500
NKTR,22-Mar-2019,33.62,34,32.14,32.17,1302800
NMCI,22-Mar-2019,2.11,2.11,2.11,2.11,0
NMIH,22-Mar-2019,26.31,26.31,25.25,25.3,468000
NMRD,22-Mar-2019,1.04,1.0449,1,1.0301,47000
NMRK,22-Mar-2019,8.85,9,8.32,8.35,1040900
NNBR,22-Mar-2019,7.94,7.9865,7.61,7.65,399300
NNDM,22-Mar-2019,0.75,0.7739,0.74,0.7455,36100
NODK,22-Mar-2019,16.02,16.02,15.76,15.76,8600
NOVN,22-Mar-2019,1.45,1.54,1.45,1.5,59900
NOVT,22-Mar-2019,84.12,84.92,82.57,82.97,177700
NRC,22-Mar-2019,39.61,39.95,38.27,38.31,28000
NRIM,22-Mar-2019,35.09,35.09,33.42,33.55,29800
NSEC,22-Mar-2019,12.5,12.5,12.5,12.5,0
NSIT,22-Mar-2019,56.85,56.94,55.33,55.34,202800
NSSC,22-Mar-2019,20.54,20.61,19.4,19.57,106500
NSTG,22-Mar-2019,24.2,24.2,23.41,23.44,345700
NSYS,22-Mar-2019,4.75,4.76,4.75,4.76,400
NTAP,22-Mar-2019,69.25,69.42,66.66,66.84,2347700
NTCT,22-Mar-2019,27.68,27.755,26.83,26.85,288300
NTEC,22-Mar-2019,6.94,7,6.7,6.7,140700
NTES,22-Mar-2019,238.21,239.32,231.86,232.35,492900
NTGR,22-Mar-2019,34.92,34.92,33.52,33.71,308300
NTIC,22-Mar-2019,14.9239,14.9239,14.1,14.625,10900
NTLA,22-Mar-2019,17.62,17.64,16.12,16.16,556900
NTNX,22-Mar-2019,42.24,42.5175,40.59,40.65,3694700
NTRA,22-Mar-2019,20.2,20.5,19.61,19.68,541300
NTRP,22-Mar-2019,5.15,5.6,4.9252,5.05,718900
NTRS,22-Mar-2019,91.76,91.93,88.45,88.59,1635100
NTWK,22-Mar-2019,7.51,7.59,7.35,7.35,16700
NUAN,22-Mar-2019,16.91,17.03,16.705,16.79,2249900
NURO,22-Mar-2019,1.09,1.09,1.06,1.07,76700
NUVA,22-Mar-2019,56.57,56.69,55.05,56,404600
NVAX,22-Mar-2019,11.24,11.8,10.63,10.82,25606500
NVCN,22-Mar-2019,4.6,4.6,4,4.123,5439600
NVCR,22-Mar-2019,49.76,51.0099,46.75,47.04,533300
NVDA,22-Mar-2019,182.84,184.7997,176.94,177.5,18691000
NVEC,22-Mar-2019,96.46,99.01,94.1834,95.4,19100
NVEE,22-Mar-2019,60.97,61.2314,58.38,58.7,190300
NVFY,22-Mar-2019,0.8,0.8166,0.755,0.755,28800
NVIV,22-Mar-2019,1.66,1.7,1.61,1.69,39200
NVMI,22-Mar-2019,25.17,25.25,24.74,24.74,104300
NVUS,22-Mar-2019,4.33,4.33,4.05,4.25,20000
NWBI,22-Mar-2019,16.77,16.81,16.3,16.51,728800
NWFL,22-Mar-2019,29.92,29.92,29.11,29.32,9500
NWL,22-Mar-2019,15.75,15.75,14.99,15,6927000
NWLI,22-Mar-2019,265.16,272.6041,256.8,256.8,9800
NWPX,22-Mar-2019,24.8,24.8,23.53,23.78,32700
NWS,22-Mar-2019,12.81,12.8989,12.57,12.64,1574300
NWSA,22-Mar-2019,12.94,12.94,12.53,12.63,3032100
NXGN,22-Mar-2019,17.31,17.44,16.61,16.61,159400
NXPI,22-Mar-2019,93.77,93.77,90.56,90.66,1988100
NXST,22-Mar-2019,108.25,108.49,104.68,105.2,546800
NXTD,22-Mar-2019,0.982,1,0.9505,0.9567,72900
NYMT,22-Mar-2019,6.16,6.16,6.085,6.09,1523200
NYMTN,22-Mar-2019,23.82,23.82,23.6578,23.8099,22900
NYMTO,22-Mar-2019,24.6731,24.8999,24.61,24.8755,9800
NYMTP,22-Mar-2019,24.4,24.55,24.35,24.55,5000
NYMX,22-Mar-2019,2.29,2.35,2.19,2.35,156700
OBAS,22-Mar-2019,9.5999,9.8527,9.25,9.516,2800
OBCI,22-Mar-2019,3.77,3.77,3.67,3.77,2000
OBLN,22-Mar-2019,16.3,16.368,15.6,15.9,50300
OBNK,22-Mar-2019,33.2,33.2,31.68,32,62400
OBSV,22-Mar-2019,12.81,12.99,12.5,12.65,45800
OCC,22-Mar-2019,4.8352,4.8352,4.65,4.74,42200
OCCI,22-Mar-2019,17.25,17.49,17.25,17.4899,20100
OCFC,22-Mar-2019,24.57,24.57,23.54,23.57,223000
OCSI,22-Mar-2019,8.28,8.3,8.23,8.26,57400
OCSL,22-Mar-2019,5.18,5.185,5.13,5.16,224300
OCUL,22-Mar-2019,4.16,4.215,3.92,3.94,531700
ODFL,22-Mar-2019,144.69,145.4,142.48,142.72,472900
ODP,22-Mar-2019,3.56,3.62,3.49,3.52,6117700
ODT,22-Mar-2019,20.93,21.06,20.29,20.94,50300
OESX,22-Mar-2019,0.965,0.975,0.88,0.904,147400
OFED,22-Mar-2019,26.48,26.5,25.95,25.95,8800
OFIX,22-Mar-2019,56.02,56.26,54.8,55.54,155000
OFLX,22-Mar-2019,74.21,74.8,71.56,73.04,19100
OFS,22-Mar-2019,12,12.04,11.91,11.93,37100
OFSSL,22-Mar-2019,25.0655,25.0655,25.0655,25.0655,0
OFSSZ,22-Mar-2019,25.04,25.1,24.9048,25.1,3000
OIIM,22-Mar-2019,1.68,1.7239,1.66,1.66,15300
OKTA,22-Mar-2019,84.62,84.75,80.74,81.05,1652900
OLD,22-Mar-2019,27.94,27.9485,27.7606,27.81,28100
OLED,22-Mar-2019,159.39,159.94,154.06,154.31,663100
OLLI,22-Mar-2019,80.12,81.1,79.42,79.43,625300
OMAB,22-Mar-2019,44.55,44.72,42.94,43.15,76200
OMCL,22-Mar-2019,84.27,84.82,79.87,79.97,270800
OMER,22-Mar-2019,17.62,17.74,16.74,16.89,449600
OMEX,22-Mar-2019,7.23,7.53,7.1,7.33,22500
ON,22-Mar-2019,22.31,22.405,21.51,21.64,4675500
ONB,22-Mar-2019,16.17,16.23,15.63,15.74,1402300
ONCS,22-Mar-2019,5.3,5.35,5.011,5.011,256500
ONCY,22-Mar-2019,2,2,1.9,1.92,84000
ONEQ,22-Mar-2019,306.76,306.76,299.52,300.02,86700
ONTX,22-Mar-2019,4.5,4.5,4.02,4.26,88700
ONTXW,22-Mar-2019,0.2,0.2,0.2,0.2,0
ONVO,22-Mar-2019,1.1,1.14,1.07,1.08,1156800
OPBK,22-Mar-2019,8.75,8.815,8.17,8.17,46600
OPES,22-Mar-2019,10.14,10.14,10.14,10.14,0
OPESW,22-Mar-2019,0.24,0.24,0.2,0.23,20800
OPGN,22-Mar-2019,19.602,19.604,17.202,17.202,134400
OPHC,22-Mar-2019,3.63,3.65,3.63,3.65,800
OPI,22-Mar-2019,29.56,29.61,27.78,27.79,384400
OPINI,22-Mar-2019,24.87,24.91,24.811,24.811,4400
OPK,22-Mar-2019,2.64,2.725,2.52,2.53,5428700
OPNT,22-Mar-2019,13.15,13.74,13,13.15,33400
OPOF,22-Mar-2019,21.1619,21.1619,21.1619,21.1619,500
OPRA,22-Mar-2019,7.2,7.25,6.85,6.895,132100
OPRX,22-Mar-2019,14.17,14.82,12.7111,13.3,56400
OPTN,22-Mar-2019,9.42,9.63,9.01,9.19,162400
OPTT,22-Mar-2019,4.65,4.99,4.21,4.42,163700
ORBC,22-Mar-2019,6.9,7.01,6.52,6.63,551500
ORGO,22-Mar-2019,9.2,9.39,8.58,8.91,68000
ORGS,22-Mar-2019,5.11,5.11,4.9,5,32200
ORLY,22-Mar-2019,383.44,385.805,375.98,376.3,457900
ORMP,22-Mar-2019,3.25,3.25,3.19,3.22,6300
ORRF,22-Mar-2019,19.5999,19.5999,19,19.26,54300
ORTX,22-Mar-2019,17.3018,17.3018,16.32,16.85,63400
OSBC,22-Mar-2019,13.02,13.0358,12.35,12.5,86800
OSIS,22-Mar-2019,87.53,87.65,85.44,85.58,154600
OSMT,22-Mar-2019,6.38,6.61,6.38,6.49,13200
OSN,22-Mar-2019,1.91,1.91,1.8829,1.8829,800
OSPN,22-Mar-2019,19.85,19.86,18.65,18.79,221900
OSS,22-Mar-2019,2.9,2.9,2.25,2.4,1680700
OSTK,22-Mar-2019,19.23,19.4999,18.35,18.41,1403400
OSUR,22-Mar-2019,11.49,11.55,10.77,10.77,446200
OSW,22-Mar-2019,12.25,12.55,12.1787,12.36,431700
OTEL,22-Mar-2019,15.75,16.4,15.75,15.7989,10200
OTEX,22-Mar-2019,38.01,38.01,37.32,37.44,275400
OTIC,22-Mar-2019,2.89,2.93,2.7,2.75,205200
OTLK,22-Mar-2019,7.76,7.85,6.8822,7.85,11700
OTLKW,22-Mar-2019,0.3879,0.3879,0.32,0.3517,35700
OTTR,22-Mar-2019,49.2,49.74,48.56,48.58,96300
OVBC,22-Mar-2019,35.2,35.735,34.39,35,6000
OVID,22-Mar-2019,1.93,1.96,1.83,1.89,134300
OVLY,22-Mar-2019,18.37,18.653,17.79,18.28,11500
OXBR,22-Mar-2019,0.98,0.98,0.94,0.95,27500
OXBRW,22-Mar-2019,0.03,0.03,0.03,0.03,92500
OXFD,22-Mar-2019,17.98,18.03,17.23,17.54,114400
OXLC,22-Mar-2019,9.88,9.89,9.6636,9.7,486100
OXLCM,22-Mar-2019,25.49,25.49,25.49,25.49,0
OXLCO,22-Mar-2019,25.41,25.41,25.41,25.41,0
OXSQ,22-Mar-2019,6.36,6.38,6.26,6.27,148300
OXSQL,22-Mar-2019,25.25,25.25,25.1735,25.1735,300
OZK,22-Mar-2019,29.06,29.15,27.4,27.79,1572000
PAAS,22-Mar-2019,13.12,13.525,13.12,13.36,2048800
PACB,22-Mar-2019,7.34,7.37,7.25,7.3,1238100
PACQ,22-Mar-2019,10.01,10.05,10.01,10.05,41200
PACQU,22-Mar-2019,10.65,10.65,10.65,10.65,0
PACQW,22-Mar-2019,1.11,1.11,1.11,1.11,0
PACW,22-Mar-2019,37.25,37.42,35.38,35.66,1549400
PAHC,22-Mar-2019,32.22,32.39,31.73,31.73,134600
PANL,22-Mar-2019,3.232,3.28,3.21,3.2156,27500
PATI,22-Mar-2019,19.2,19.25,18.6699,18.72,1200
PATK,22-Mar-2019,42.99,43.28,40.68,40.96,227500
PAVM,22-Mar-2019,1.03,1.05,1.03,1.03,109500
PAVMZ,22-Mar-2019,0.45,0.45,0.35,0.35,1300
PAYX,22-Mar-2019,79.29,79.51,78.4,78.44,2462800
PBCT,22-Mar-2019,16.39,16.41,15.78,15.89,4556800
PBCTP,22-Mar-2019,24.73,24.88,24.72,24.77,53500
PBHC,22-Mar-2019,13.45,13.45,13.09,13.19,10400
PBIP,22-Mar-2019,17.55,17.59,16.67,16.67,10400
PBPB,22-Mar-2019,8.38,8.51,8.37,8.45,163900
PBYI,22-Mar-2019,39.9,40.33,38.675,39.03,798600
PCAR,22-Mar-2019,67.79,68.09,66.85,67.03,2087900
PCB,22-Mar-2019,17.17,17.26,16.74,17.05,38900
PCH,22-Mar-2019,37.33,37.4,36.36,36.36,341400
PCOM,22-Mar-2019,13.37,13.44,13.28,13.39,58400
PCRX,22-Mar-2019,39.5,39.85,38.22,38.22,271700
PCSB,22-Mar-2019,19.3,19.36,18.81,18.93,53700
PCTI,22-Mar-2019,5.18,5.27,5.11,5.27,20900
PCTY,22-Mar-2019,89.71,89.9999,84.6,85.51,465000
PCYG,22-Mar-2019,7.5,7.78,7.5,7.61,33500
PCYO,22-Mar-2019,9.77,10.02,9.65,9.66,26300
PDBC,22-Mar-2019,16.67,16.6733,16.54,16.64,1262900
PDCE,22-Mar-2019,44.39,44.49,42.2,42.57,1073600
PDCO,22-Mar-2019,22.75,22.95,22.26,22.28,851600
PDD,22-Mar-2019,24.73,24.88,23.1675,23.5,10020700
PDEX,22-Mar-2019,14.6,14.85,14.3,14.3,29200
PDFS,22-Mar-2019,13.04,13.13,12.23,12.24,85900
PDLB,22-Mar-2019,13.7,13.7,13.3669,13.55,15200
PDLI,22-Mar-2019,3.73,3.79,3.59,3.59,1426000
PDP,22-Mar-2019,56.2,56.43,55.39,55.43,87200
PDSB,22-Mar-2019,7.86,7.92,7.46,7.6689,6600
PEBK,22-Mar-2019,27.62,27.62,27,27.4,9400
PEBO,22-Mar-2019,31.5,31.6676,29.92,29.94,59300
PEGA,22-Mar-2019,65.02,65.15,63.66,63.74,281700
PEIX,22-Mar-2019,1.1,1.12,1.02,1.05,792300
PENN,22-Mar-2019,20.78,20.875,20.19,20.19,2642600
PEP,22-Mar-2019,119.5,121.29,119.4467,120.72,6668000
PERI,22-Mar-2019,2.74,2.78,2.63,2.68,45500
PESI,22-Mar-2019,3.56,3.68,3.56,3.67,6900
PETQ,22-Mar-2019,30.87,31.165,29.46,29.48,667300
PETS,22-Mar-2019,20.5,20.92,20.27,20.71,625900
PETZ,22-Mar-2019,0.8,0.8652,0.8,0.81,85800
PEY,22-Mar-2019,17.84,17.8992,17.69,17.7,158500
PEZ,22-Mar-2019,54.2529,54.4101,54.2529,54.4101,400
PFBC,22-Mar-2019,44.7,44.7,42.21,42.35,65800
PFBI,22-Mar-2019,15.52,15.95,15.18,15.19,19200
PFF,22-Mar-2019,36.5,36.52,36.38,36.39,3464300
PFG,22-Mar-2019,50.92,50.98,49.08,49.45,2018800
PFI,22-Mar-2019,33.08,33.08,32.92,32.92,1500
PFIE,22-Mar-2019,1.89,1.89,1.83,1.84,103400
PFIN,22-Mar-2019,8.4434,8.4434,8.4,8.4,700
PFIS,22-Mar-2019,45.33,46.385,44.285,44.77,8700
PFLT,22-Mar-2019,12.89,12.89,12.82,12.85,108400
PFM,22-Mar-2019,27.51,27.51,27.27,27.28,31300
PFMT,22-Mar-2019,2.1,2.1,2,2.1,2300
PFPT,22-Mar-2019,124.69,124.87,119.56,119.9,441500
PFSW,22-Mar-2019,5.28,5.31,4.775,5.09,114000
PGC,22-Mar-2019,25.93,26.085,24.95,25.28,197700
PGJ,22-Mar-2019,39.43,39.597,38.61,38.67,20000
PHAS,22-Mar-2019,6.14,6.8,6.116,6.75,187000
PHCF,22-Mar-2019,3.07,3.4549,2.98,3.125,12700
PHIO,22-Mar-2019,0.438,0.44,0.423,0.4251,409100
PHIOW,22-Mar-2019,0.03,0.03,0.03,0.03,0
PHO,22-Mar-2019,34,34.0736,33.38,33.38,29700
PHUN,22-Mar-2019,46.98,49.499,40,44.48,62000
PHUNW,22-Mar-2019,1.39,2.35,1.22,2.05,661000
PI,22-Mar-2019,18.63,18.63,17.47,17.61,151400
PICO,22-Mar-2019,10.53,10.57,10.07,10.11,94700
PID,22-Mar-2019,16.02,16.05,15.8543,15.88,301800
PIE,22-Mar-2019,16.93,16.93,16.63,16.68,17300
PIH,22-Mar-2019,5.39,5.5,5.31,5.35,5100
PIHPP,22-Mar-2019,23.59,23.59,23.25,23.25,7300
PINC,22-Mar-2019,34.72,34.97,34.195,34.46,1138400
PIO,22-Mar-2019,27.02,27.02,26.78,26.78,42900
PIRS,22-Mar-2019,3.17,3.28,3.04,3.12,344500
PIXY,22-Mar-2019,1.53,1.5328,1.37,1.42,272900
PIZ,22-Mar-2019,25.72,25.7339,25.5401,25.58,17200
PKBK,22-Mar-2019,20.29,20.55,19.63,19.75,42900
PKOH,22-Mar-2019,32.56,32.7,30.83,30.93,29500
PKW,22-Mar-2019,59.76,59.96,58.62,58.62,126200
PLAB,22-Mar-2019,9.4,9.44,9.09,9.09,531600
PLAY,22-Mar-2019,47.11,48.13,47.11,47.89,665000
PLBC,22-Mar-2019,24.9874,24.9874,23.07,23.07,7400
PLCE,22-Mar-2019,87.14,88.035,85.5,86.77,624900
PLL,22-Mar-2019,7.7,7.9,7.66,7.85,1500
PLPC,22-Mar-2019,54.17,54.7807,51.49,52.1,9800
PLSE,22-Mar-2019,19.25,19.39,17.89,17.97,99300
PLUG,22-Mar-2019,2.49,2.54,2.42,2.48,4412300
PLUS,22-Mar-2019,90.56,90.56,86.13,86.13,59000
PLW,22-Mar-2019,32.51,32.6759,32.51,32.56,8600
PLXP,22-Mar-2019,5.89,5.99,5.5,5.7,33300
PLXS,22-Mar-2019,63.92,64.07,61.15,61.15,174900
PLYA,22-Mar-2019,8.28,8.34,8,8.1,151000
PMBC,22-Mar-2019,7.68,7.68,7.33,7.41,28900
PMD,22-Mar-2019,14.931,15.3335,14.81,15.24,34400
PME,22-Mar-2019,2.14,2.16,2.12,2.14,7700
PMOM,22-Mar-2019,28,28,27.81,27.81,2100
PNBK,22-Mar-2019,15.38,15.38,15.38,15.38,0
PNFP,22-Mar-2019,54.35,54.54,51.57,52.12,799100
PNNT,22-Mar-2019,6.93,6.94,6.8491,6.9,202300
PNQI,22-Mar-2019,136.03,136.69,133.2,133.31,21900
PNRG,22-Mar-2019,175.5,180,160.197,180,2700
PODD,22-Mar-2019,101.35,101.67,97.73,97.84,764700
POLA,22-Mar-2019,4.87,4.98,4.87,4.8944,2300
POOL,22-Mar-2019,158.82,159.78,156.05,156.22,211900
POWI,22-Mar-2019,72.3,72.3671,69.03,69.49,203500
POWL,22-Mar-2019,29.55,29.79,28.02,28.03,29000
PPBI,22-Mar-2019,26.22,26.29,24.73,24.93,817300
PPC,22-Mar-2019,20.99,21.68,20.99,21.45,874600
PPH,22-Mar-2019,61.36,61.44,60.52,60.52,33400
PPIH,22-Mar-2019,8.8,8.83,8.79,8.79,8300
PPSI,22-Mar-2019,4.89,4.9,4.85,4.85,2700
PRAA,22-Mar-2019,26.28,26.43,25.6,25.93,436100
PRAH,22-Mar-2019,107.49,107.66,104.22,104.28,563600
PRCP,22-Mar-2019,7.636,7.636,7.45,7.58,900
PRFT,22-Mar-2019,28.28,28.3109,27.38,27.5,164500
PRFZ,22-Mar-2019,128.53,128.56,124.9,124.9,28700
PRGS,22-Mar-2019,37.11,37.11,35.81,35.82,292800
PRGX,22-Mar-2019,8.24,8.38,8.01,8.09,48500
PRIM,22-Mar-2019,21.7,21.72,20.68,20.69,150900
PRN,22-Mar-2019,59.83,60.03,59.53,59.53,2000
PRNB,22-Mar-2019,37.11,37.11,33.76,33.77,50700
PROV,22-Mar-2019,19.96,19.96,18,19.7,7100
PRPH,22-Mar-2019,3.2,3.2,3.2,3.2,0
PRPL,22-Mar-2019,5.13,5.2,5.11,5.11,4800
PRPO,22-Mar-2019,2.2875,2.3925,2.22,2.259,1559200
PRQR,22-Mar-2019,14.93,15.1,14.53,15,247700
PRSC,22-Mar-2019,65.69,66.99,64.52,64.85,93600
PRTA,22-Mar-2019,13.23,13.275,12.25,12.3,375500
PRTH,22-Mar-2019,6.78,6.78,6.66,6.78,1400
PRTK,22-Mar-2019,6.23,6.26,5.76,5.77,442600
PRTS,22-Mar-2019,1.02,1.04,1.01,1.03,56600
PRVB,22-Mar-2019,2.38,2.3843,2.37,2.3843,2600
PS,22-Mar-2019,32.17,32.4,30.43,31.27,3249200
PSC,22-Mar-2019,31.3979,31.3979,30.8454,30.8454,800
PSCC,22-Mar-2019,75.61,75.71,74.487,74.9,4500
PSCD,22-Mar-2019,59.95,59.95,58.76,58.78,1500
PSCE,22-Mar-2019,11.04,11.04,10.57,10.6,30300
PSCF,22-Mar-2019,51.92,52.1424,50.79,50.83,8700
PSCH,22-Mar-2019,118.93,119.08,114.42,114.49,102000
PSCI,22-Mar-2019,63.11,63.11,61.4169,61.4169,1400
PSCM,22-Mar-2019,48.6,48.6,47.0654,47.0654,800
PSCT,22-Mar-2019,82.03,82.03,79.07,79.22,11000
PSCU,22-Mar-2019,54.08,54.1527,53.36,53.3732,2700
PSEC,22-Mar-2019,6.64,6.69,6.59,6.61,1554300
PSL,22-Mar-2019,70.09,70.2304,69.38,69.38,18500
PSMT,22-Mar-2019,61.47,61.47,58.91,58.94,177600
PSTI,22-Mar-2019,9.5,9.779,9.5,9.701,122400
PT,22-Mar-2019,12.15,12.22,12,12.05,51500
PTC,22-Mar-2019,94.26,94.93,92.69,93.12,1846900
PTCT,22-Mar-2019,39.13,39.67,37.64,37.71,612300
PTE,22-Mar-2019,13,13.12,12.03,12.27,397400
PTEN,22-Mar-2019,14.46,14.54,13.81,13.84,3463700
PTF,22-Mar-2019,69.28,69.28,67.11,67.11,22500
PTGX,22-Mar-2019,13.3,14,13.1,13.74,303900
PTH,22-Mar-2019,81.92,82.15,80.39,80.39,5200
PTI,22-Mar-2019,4.28,4.31,3.98,4.07,854200
PTNR,22-Mar-2019,3.8114,3.8114,3.8114,3.8114,400
PTSI,22-Mar-2019,43.15,43.15,41.82,41.82,2600
PTVCA,22-Mar-2019,19.8,19.8,19.8,19.8,1000
PTVCB,22-Mar-2019,18.73,18.84,18.3305,18.76,40300
PUI,22-Mar-2019,32.68,32.7299,32.43,32.46,99100
PULM,22-Mar-2019,1.38,1.4099,1.31,1.35,172300
PVAC,22-Mar-2019,56.01,57,51.44,51.51,493300
PVBC,22-Mar-2019,22.65,22.75,22.26,22.26,8100
PWOD,22-Mar-2019,27.8733,27.8733,26.6867,26.6867,20500
PXI,22-Mar-2019,32.041,32.0697,31.51,31.68,5000
PXLW,22-Mar-2019,3.87,3.98,3.8398,3.96,123600
PXS,22-Mar-2019,1.06,1.12,1.06,1.08,125100
PY,22-Mar-2019,30.466,30.4799,30.32,30.44,2300
PYPL,22-Mar-2019,103.87,104,101.25,101.27,7194900
PYZ,22-Mar-2019,58.64,58.64,58.0313,58.0459,1000
PZZA,22-Mar-2019,48.75,50,48.25,49.8,3488500
QABA,22-Mar-2019,45.83,45.9023,44.16,44.31,53700
QADA,22-Mar-2019,41.86,42.4,41.25,41.67,155600
QADB,22-Mar-2019,30.94,30.94,30.94,30.94,400
QAT,22-Mar-2019,18.275,18.275,18.09,18.18,17400
QCLN,22-Mar-2019,20.82,20.82,20.01,20.079,8000
QCOM,22-Mar-2019,57.68,58.09,56.7548,56.82,10243400
QCRH,22-Mar-2019,33.33,33.595,31.85,32.35,68700
QDEL,22-Mar-2019,67.63,68.13,63.68,63.72,202700
QFIN,22-Mar-2019,16.73,16.98,16.1325,16.75,65200
QIWI,22-Mar-2019,14.42,14.51,14.32,14.33,104200
QLYS,22-Mar-2019,85.75,86.22,82.47,82.57,237600
QNST,22-Mar-2019,13.66,13.78,13.11,13.21,555300
QQEW,22-Mar-2019,64.69,64.69,63.43,63.46,78400
QQQ,22-Mar-2019,181.76,182.27,178.37,178.56,70794500
QQQX,22-Mar-2019,22.23,22.35,22.1,22.15,101100
QQXT,22-Mar-2019,52.65,52.65,51.75,51.75,3300
QRHC,22-Mar-2019,1.77,1.8,1.6,1.75,88800
QRTEA,22-Mar-2019,17.27,17.35,16.9,17.02,2488500
QRTEB,22-Mar-2019,17.0001,17.0001,17.0001,17.0001,0
QRVO,22-Mar-2019,73.52,73.99,71.66,71.67,1050100
QTEC,22-Mar-2019,84.1,84.228,82.13,82.19,144000
QTNT,22-Mar-2019,9.09,9.185,8.5,8.55,233600
QTRX,22-Mar-2019,24.38,24.67,23,23.06,59200
QTT,22-Mar-2019,13.24,13.95,12.34,12.58,1254600
QUIK,22-Mar-2019,0.61,0.6251,0.61,0.62,852200
QUMU,22-Mar-2019,2.56,2.56,2.42,2.42,2400
QURE,22-Mar-2019,67.95,68.17,63.22,63.43,589300
QYLD,22-Mar-2019,22.72,22.729,22.5,22.53,184200
RADA,22-Mar-2019,2.8,2.86,2.8,2.82,52200
RAIL,22-Mar-2019,6.9,6.9,6.38,6.41,164400
RAND,22-Mar-2019,2.8802,2.8802,2.8802,2.8802,200
RARE,22-Mar-2019,68.42,68.88,64.56,64.65,650600
RAVE,22-Mar-2019,1.61,1.63,1.51,1.53,41800
RAVN,22-Mar-2019,35.01,36.5439,34.6,36.26,275500
RBB,22-Mar-2019,18.98,18.98,18,18.06,43700
RBBN,22-Mar-2019,5.2,5.25,5.02,5.02,267800
RBCAA,22-Mar-2019,42.91,43.09,40.3,40.3,19900
RBCN,22-Mar-2019,7.81,8.04,7.62,8.04,35700
RBKB,22-Mar-2019,11.8,12,11.735,12,13300
RBNC,22-Mar-2019,22.81,23.2,22.7,22.8,6800
RCII,22-Mar-2019,19.77,20.11,19.65,19.67,917900
RCKT,22-Mar-2019,18.91,19,17.4,17.47,385000
RCKY,22-Mar-2019,25.93,25.93,24.99,25.07,39000
RCM,22-Mar-2019,10.07,10.19,9.84,9.88,791300
RCMT,22-Mar-2019,3.9,4,3.74,4,29500
RCON,22-Mar-2019,1.01,1.01,0.96,0.99,35400
RDCM,22-Mar-2019,7.12,7.38,7.12,7.32,18200
RDFN,22-Mar-2019,19.48,20.14,19.325,19.42,1025000
RDHL,22-Mar-2019,8.85,8.89,8.525,8.76,34200
RDI,22-Mar-2019,15.78,15.89,15.53,15.53,24400
RDNT,22-Mar-2019,13.44,13.62,12.72,12.8,385200
RDUS,22-Mar-2019,19.22,19.47,18.745,18.92,785200
RDVT,22-Mar-2019,6.59,6.68,6.4,6.66,19300
RDVY,22-Mar-2019,30.2,30.2,29.4527,29.51,126400
RDWR,22-Mar-2019,26.18,26.25,25.65,25.69,139600
REDU,22-Mar-2019,9.8,9.85,9.5425,9.78,23300
REFR,22-Mar-2019,2.33,2.37,2.23,2.25,46400
REG,22-Mar-2019,66.14,66.86,65.87,66.11,712100
REGI,22-Mar-2019,22.53,22.91,22.38,22.38,484000
REGN,22-Mar-2019,401.48,402.59,391.425,391.8,552500
RELL,22-Mar-2019,6.96,7,6.9009,7,29500
RELV,22-Mar-2019,4.22,4.22,3.85,3.9,4300
REPH,22-Mar-2019,9.79,10.25,9.67,9.7178,782400
REPL,22-Mar-2019,14.59,15.247,13.45,13.73,111800
RESN,22-Mar-2019,3.04,3.05,2.9,2.95,165200
RETA,22-Mar-2019,92.55,93.86,87.05,87.13,253200
RETO,22-Mar-2019,1.65,1.71,1.61,1.63,3200
RFAP,22-Mar-2019,51.2885,51.2885,50.83,50.83,1400
RFDI,22-Mar-2019,56.51,56.51,56.03,56.08,24900
RFEM,22-Mar-2019,62.64,62.64,61.8105,61.8105,1800
RFEU,22-Mar-2019,58.58,58.58,58.1401,58.15,1300
RFIL,22-Mar-2019,6.75,6.8687,6.75,6.78,17000
RGCO,22-Mar-2019,26.99,27.01,26.56,26.68,8600
RGEN,22-Mar-2019,61.12,61.51,58.91,58.91,358600
RGLD,22-Mar-2019,92.16,92.9,91.5565,92.06,255700
RGLS,22-Mar-2019,1.1,1.1,1.01,1.04,136200
RGNX,22-Mar-2019,61.82,63.19,57.74,57.79,596800
RIBT,22-Mar-2019,3.7,3.7314,3.56,3.58,43000
RICK,22-Mar-2019,22.1,22.17,21.3408,21.42,45600
RIGL,22-Mar-2019,2.64,2.6496,2.44,2.45,1712500
RILY,22-Mar-2019,16.54,16.61,16.28,16.42,140600
RILYG,22-Mar-2019,24.44,24.52,24.44,24.4909,1000
RILYH,22-Mar-2019,25.521,25.55,25.521,25.54,300
RILYI,22-Mar-2019,24.8699,24.91,24.84,24.8999,8100
RILYZ,22-Mar-2019,24.9,24.94,24.76,24.9,16700
RING,22-Mar-2019,17.75,17.94,17.66,17.85,175100
RIOT,22-Mar-2019,3.66,3.71,3.4,3.45,880500
RIVE,22-Mar-2019,11.2,11.2,11.1688,11.2,21700
RKDA,22-Mar-2019,7.33,7.67,7.05,7.2,200900
RMBL,22-Mar-2019,5.69,5.69,5.32,5.36,92200
RMBS,22-Mar-2019,10.76,10.79,10.35,10.36,1166800
RMCF,22-Mar-2019,8.9,9.15,8.84,9,1700
RMNI,22-Mar-2019,5,5.03,4.85,4.96,44900
RMR,22-Mar-2019,65.08,65.28,61.77,61.85,38800
RMTI,22-Mar-2019,6.27,6.34,5.62,5.79,455800
RNDB,22-Mar-2019,15.4001,15.689,14.9001,15.3,8700
RNDM,22-Mar-2019,49.48,49.48,49.16,49.16,1000
RNDV,22-Mar-2019,21.8644,21.8644,21.8644,21.8644,0
RNEM,22-Mar-2019,51.76,51.76,51.76,51.76,100
RNET,22-Mar-2019,12.49,12.51,11.12,11.15,52100
RNLC,22-Mar-2019,21.8401,21.85,21.8401,21.85,300
RNMC,22-Mar-2019,20.9499,20.9772,20.9499,20.9772,600
RNSC,22-Mar-2019,21.08,21.08,21.08,21.08,0
RNST,22-Mar-2019,34.62,34.62,32.35,32.62,973900
RNWK,22-Mar-2019,3.206,3.206,3.07,3.12,2100
ROAD,22-Mar-2019,11.74,12.48,11.64,12.31,123000
ROBT,22-Mar-2019,31.96,31.96,31.2648,31.28,14500
ROCK,22-Mar-2019,40.09,40.135,39.08,39.08,218300
ROIC,22-Mar-2019,17.06,17.22,16.89,16.89,815100
ROKU,22-Mar-2019,66.38,67.1999,63.26,63.91,8347900
ROLL,22-Mar-2019,132.27,132.87,125.46,126.17,146600
ROSE,22-Mar-2019,3.1,3.18,2.9,2.92,96800
ROSEW,22-Mar-2019,0.45,0.45,0.45,0.45,0
ROST,22-Mar-2019,91.07,91.46,89.46,89.53,2318100
RP,22-Mar-2019,62.56,62.86,60.65,60.69,495400
RPD,22-Mar-2019,51.7,52.16,49.31,49.74,715900
RRGB,22-Mar-2019,27.58,29.57,27.515,28.58,627000
RRR,22-Mar-2019,26.57,26.57,25.5,25.78,342000
RTIX,22-Mar-2019,5.91,5.97,5.72,5.73,158600
RTRX,22-Mar-2019,23.55,23.73,22.42,22.43,321200
RUBY,22-Mar-2019,17.5,17.5,15.87,16.31,346300
RUN,22-Mar-2019,15,15.08,14.23,14.25,1248800
RUSHA,22-Mar-2019,41.62,41.715,40.71,40.71,128600
RUSHB,22-Mar-2019,41.67,41.67,40.29,40.29,5500
RUTH,22-Mar-2019,25.29,25.37,24.98,25.08,113300
RVNC,22-Mar-2019,15.91,15.98,15.41,15.47,358300
RVSB,22-Mar-2019,7.36,7.42,7.26,7.27,146900
RWLK,22-Mar-2019,5.5375,5.58,5.2625,5.37,1570300
RYAAY,22-Mar-2019,71.65,72.53,71.1101,71.46,445800
RYTM,22-Mar-2019,30.38,30.64,29.54,29.94,114300
SABR,22-Mar-2019,21.62,21.7,21.01,21.03,2148000
SAFM,22-Mar-2019,127.16,128.4542,126.6,127.26,227400
SAFT,22-Mar-2019,88.08,88.98,86.28,86.28,49500
SAGE,22-Mar-2019,157.12,158.7,153.79,156.72,643500
SAIA,22-Mar-2019,60.61,60.64,59.02,59.06,164800
SAL,22-Mar-2019,41.35,42.405,41.2251,41.9,3700
SALM,22-Mar-2019,2.53,2.615,2.5,2.59,9200
SAMA,22-Mar-2019,9.75,9.75,9.75,9.75,0
SAMAU,22-Mar-2019,10.05,10.05,10.05,10.05,0
SAMAW,22-Mar-2019,0.35,0.35,0.35,0.35,0
SAMG,22-Mar-2019,15.02,15.02,14.25,14.52,15100
SANM,22-Mar-2019,30.58,30.85,29.46,29.46,264300
SANW,22-Mar-2019,2.7101,2.773,2.7101,2.77,3800
SASR,22-Mar-2019,31.42,31.42,29.85,30.06,135500
SATS,22-Mar-2019,30.0625,30.1925,29.1606,29.1606,293900
SBAC,22-Mar-2019,195.1,198.14,195.1,197.12,999200
SBBP,22-Mar-2019,5.38,5.39,5.1,5.15,167800
SBBX,22-Mar-2019,21.58,21.6,20.51,20.53,100600
SBCF,22-Mar-2019,26.83,26.8887,25.14,25.49,438500
SBFG,22-Mar-2019,18.41,18.41,17.91,17.91,300
SBGI,22-Mar-2019,38.5,38.5,37.2701,37.8,948600
SBLK,22-Mar-2019,6.87,6.95,6.46,6.58,687400
SBLKZ,22-Mar-2019,25.3,25.3,25.3,25.3,0
SBNY,22-Mar-2019,128.66,129.385,124.935,126.1,322500
SBPH,22-Mar-2019,10.04,10.2199,9.2,9.59,35900
SBRA,22-Mar-2019,19,19.11,18.63,18.71,1966000
SBSI,22-Mar-2019,32.74,32.78,31.29,31.75,263800
SBT,22-Mar-2019,9.98,10.06,9.46,9.61,122500
SBUX,22-Mar-2019,72.05,72.41,71.69,71.96,8022700
SCHL,22-Mar-2019,38.06,39.74,37.6475,37.93,368500
SCHN,22-Mar-2019,24.92,25.08,23.69,23.7,193000
SCKT,22-Mar-2019,2.07,2.14,1.97,2,10500
SCON,22-Mar-2019,1.61,1.7585,1.55,1.74,652600
SCOR,22-Mar-2019,21.52,21.52,20.82,20.9,120400
SCPH,22-Mar-2019,3.13,3.365,2.95,2.95,13200
SCSC,22-Mar-2019,38.34,38.5625,36.11,36.11,104700
SCVL,22-Mar-2019,31.63,31.65,30.66,30.74,343700
SCWX,22-Mar-2019,19.79,19.83,18.75,19.06,144100
SCYX,22-Mar-2019,1.56,1.6,1.51,1.57,429800
SCZ,22-Mar-2019,57.44,57.55,57.01,57.06,692500
SDG,22-Mar-2019,58.67,58.89,58.1609,58.29,5000
SDVY,22-Mar-2019,19.99,19.99,19.99,19.99,0
SEAC,22-Mar-2019,1.38,1.3933,1.36,1.37,133500
SECO,22-Mar-2019,8.63,8.8,8.41,8.55,164100
SEDG,22-Mar-2019,38.55,38.75,37,37.12,872700
SEED,22-Mar-2019,6.88,6.9973,6.7301,6.7807,15300
SEEL,22-Mar-2019,2.59,3.26,2.52,2.59,35624400
SEIC,22-Mar-2019,51.82,52,50.36,50.36,751200
SELB,22-Mar-2019,2.56,2.57,2.35,2.35,299000
SELF,22-Mar-2019,3.8,4.02,3.7708,3.91,34200
SENEA,22-Mar-2019,24.45,24.56,23.8,24.02,35700
SENEB,22-Mar-2019,27.2439,27.2439,27.2439,27.2439,0
SESN,22-Mar-2019,0.91,0.91,0.855,0.88,1157300
SFBC,22-Mar-2019,34.4,34.516,34.28,34.289,1000
SFBS,22-Mar-2019,33.02,33.08,31.85,31.95,289900
SFET,22-Mar-2019,2.52,2.52,2.36,2.37,18800
SFIX,22-Mar-2019,28.74,28.7432,27.33,27.46,2156400
SFM,22-Mar-2019,22.53,22.71,22.38,22.61,1673900
SFNC,22-Mar-2019,24.23,24.37,23.115,23.31,642900
SFST,22-Mar-2019,33.33,33.33,32.01,32.14,33500
SG,22-Mar-2019,12.7476,12.7476,12.74,12.74,200
SGA,22-Mar-2019,32.86,33.47,32.4,32.84,15900
SGBX,22-Mar-2019,2.0569,2.072,1.9398,2.015,43500
SGC,22-Mar-2019,16.04,16.3,15.56,15.58,19200
SGEN,22-Mar-2019,74.01,75.31,73.08,73.99,772400
SGH,22-Mar-2019,24.9,24.9049,23.38,23.42,349500
SGLB,22-Mar-2019,1.47,1.47,1.4,1.44,24600
SGLBW,22-Mar-2019,0.6999,0.6999,0.6999,0.6999,0
SGMA,22-Mar-2019,2.8,2.88,2.7697,2.88,10500
SGMO,22-Mar-2019,9.72,9.84,8.85,8.89,1857700
SGMS,22-Mar-2019,22.01,22.0612,20.81,20.98,960800
SGOC,22-Mar-2019,1.1827,1.1908,1.12,1.12,5600
SGRP,22-Mar-2019,0.6073,0.6142,0.6071,0.6101,6200
SGRY,22-Mar-2019,13.43,13.47,12.62,12.66,417000
SHBI,22-Mar-2019,15.02,15.18,14.46,14.5,26200
SHEN,22-Mar-2019,45.35,45.575,44.64,44.68,161100
SHIP,22-Mar-2019,4,4.27,3.95,4.19,82500
SHIPW,22-Mar-2019,0.0285,0.0285,0.0285,0.0285,0
SHLO,22-Mar-2019,5.81,5.81,5.575,5.71,68700
SHOO,22-Mar-2019,33,33,32.15,32.17,613200
SHSP,22-Mar-2019,15.11,15.96,14.51,15.75,54100
SHV,22-Mar-2019,110.51,110.52,110.5,110.52,2037200
SHY,22-Mar-2019,83.95,84.05,83.95,84.03,3113500
SIBN,22-Mar-2019,18.62,18.8809,17.75,18.08,51700
SIC,22-Mar-2019,11.85,12.8695,11.85,12.1,116700
SIEB,22-Mar-2019,12.84,12.86,12.53,12.53,4900
SIEN,22-Mar-2019,9.8,10.12,9.32,9.44,726800
SIFY,22-Mar-2019,1.6,1.63,1.58,1.58,21500
SIGA,22-Mar-2019,5.98,6.02,5.64,5.76,240100
SIGI,22-Mar-2019,62.47,62.905,62.1802,62.43,212200
SILC,22-Mar-2019,37.19,37.2099,35.9462,36.05,11400
SIMO,22-Mar-2019,40.5,40.5,38.345,38.51,367500
SINA,22-Mar-2019,58.22,58.628,57.58,57.76,938300
SINO,22-Mar-2019,0.932,0.938,0.9003,0.9299,43200
SINT,22-Mar-2019,7.125,7.191,6.609,6.72,104300
SIRI,22-Mar-2019,5.93,5.95,5.75,5.76,64391100
SIVB,22-Mar-2019,223.94,225.23,207.7,212.19,1182300
SKOR,22-Mar-2019,50.45,50.45,50.441,50.45,3500
SKYS,22-Mar-2019,0.79,0.8499,0.75,0.76,237400
SKYW,22-Mar-2019,52.54,52.54,51.42,51.6,238800
SKYY,22-Mar-2019,58.31,58.65,57.15,57.16,251200
SLAB,22-Mar-2019,83.2,83.29,80.42,80.46,322700
SLCT,22-Mar-2019,11.25,11.47,10.83,10.83,27300
SLDB,22-Mar-2019,10.47,10.69,10.2,10.24,375400
SLGG,22-Mar-2019,8.15,8.47,7.8,8.21,57600
SLGL,22-Mar-2019,6.82,6.8244,6.67,6.72,3700
SLGN,22-Mar-2019,29.15,29.33,29.02,29.03,727400
SLM,22-Mar-2019,10.33,10.39,9.95,9.97,3417400
SLMBP,22-Mar-2019,66.01,66.9,66.01,66.6,1300
SLNO,22-Mar-2019,2.17,2.62,2.16,2.405,813600
SLP,22-Mar-2019,20.75,21.17,20.11,20.11,41800
SLQD,22-Mar-2019,50.35,50.41,50.32,50.39,344400
SLRC,22-Mar-2019,20.89,21,20.89,20.94,179800
SLS,22-Mar-2019,1.26,1.29,1.13,1.16,1026900
SLVO,22-Mar-2019,6.76,6.8397,6.76,6.8,4000
SMBC,22-Mar-2019,33.1,33.1,30.64,30.8,11500
SMBK,22-Mar-2019,19.6,19.67,18.45,18.47,39200
SMCP,22-Mar-2019,23.35,23.35,23.03,23.03,3500
SMED,22-Mar-2019,3.59,3.65,3.5,3.65,41900
SMIT,22-Mar-2019,2.42,2.46,2.42,2.42,4600
SMMF,22-Mar-2019,26.8,26.8,25.43,25.53,61600
SMMT,22-Mar-2019,1.87,1.87,1.79,1.8359,10500
SMPL,22-Mar-2019,20.2,20.23,19.55,19.82,335000
SMRT,22-Mar-2019,1.05,1.08,1.03,1.04,284500
SMSI,22-Mar-2019,2.86,2.9265,2.75,2.81,361600
SMTC,22-Mar-2019,55,55.3,52.38,52.94,641200
SMTX,22-Mar-2019,3.98,4,3.67,3.77,368000
SNBR,22-Mar-2019,47.73,48.26,45.89,45.93,517900
SNCR,22-Mar-2019,6.47,6.54,6.31,6.41,221700
SND,22-Mar-2019,4.38,4.43,4.2,4.3,302500
SNDE,22-Mar-2019,2.6201,2.75,2.6201,2.75,1400
SNDX,22-Mar-2019,4.86,4.9144,4.52,4.69,206800
SNES,22-Mar-2019,1.25,1.27,1.21,1.23,310600
SNFCA,22-Mar-2019,5,5,4.86,4.87,4300
SNGX,22-Mar-2019,1.01,1.01,0.942,0.9859,40600
SNGXW,22-Mar-2019,0.2009,0.2009,0.2009,0.2009,0
SNLN,22-Mar-2019,17.59,17.6099,17.52,17.52,292400
SNOA,22-Mar-2019,8.82,9,8.82,8.82,44000
SNPS,22-Mar-2019,112.4,112.5,110.29,110.31,1372200
SNSR,22-Mar-2019,18.97,19.0024,18.39,18.39,28400
SNSS,22-Mar-2019,0.96,1.27,0.9261,1.25,3918400
SNY,22-Mar-2019,44.52,44.67,44.125,44.26,2748800
SOCL,22-Mar-2019,32.19,32.4,31.7501,31.85,14400
SOHO,22-Mar-2019,6.66,6.69,6.6,6.605,18200
SOHOB,22-Mar-2019,25.2447,25.2447,25.2116,25.2116,300
SOHOO,22-Mar-2019,24.81,24.974,24.81,24.9166,1300
SOHU,22-Mar-2019,17.3,17.41,16.51,16.54,483200
SOLO,22-Mar-2019,4.84,5.15,4.4,4.46,3960900
SOLOW,22-Mar-2019,1.4,1.4,1.21,1.29,40600
SOLY,22-Mar-2019,7.99,8.1,7.35,7.8174,141600
SONA,22-Mar-2019,14.93,15.245,14.35,14.35,65900
SONO,22-Mar-2019,9.99,10.03,9.8,9.85,872300
SOXX,22-Mar-2019,195.02,195.298,190.16,190.32,1472300
SP,22-Mar-2019,33.17,33.17,32.43,32.76,170000
SPCB,22-Mar-2019,1.55,1.6,1.52,1.55,20700
SPI,22-Mar-2019,4.15,4.15,3.45,3.87,384400
SPKE,22-Mar-2019,8.7,8.7811,8.65,8.69,94800
SPKEP,22-Mar-2019,23.66,23.7,23.5822,23.7,5600
SPLK,22-Mar-2019,132.22,132.28,124.55,125.68,2298500
SPNE,22-Mar-2019,15.39,15.68,14.89,14.92,87400
SPNS,22-Mar-2019,15.41,15.71,15.25,15.25,186800
SPOK,22-Mar-2019,13.68,13.76,13.42,13.42,77900
SPPI,22-Mar-2019,10.13,10.26,9.52,9.57,989200
SPRO,22-Mar-2019,13.16,13.45,13.1,13.18,36400
SPRT,22-Mar-2019,2.2,2.26,2.2,2.26,1000
SPSC,22-Mar-2019,110.17,110.22,105.34,105.4,115400
SPTN,22-Mar-2019,16.33,16.475,15.43,15.48,298100
SPWH,22-Mar-2019,5.23,5.29,5.1,5.15,178900
SPWR,22-Mar-2019,6.46,6.52,6.12,6.14,2704900
SQBG,22-Mar-2019,1.19,1.22,1.13,1.15,127500
SQLV,22-Mar-2019,27.22,27.22,27.22,27.22,0
SQQQ,22-Mar-2019,39.36,41.56,39.072,41.44,58464400
SRAX,22-Mar-2019,2.49,2.5341,2.36,2.4,31000
SRCE,22-Mar-2019,44.81,44.81,42.49,42.63,52900
SRCL,22-Mar-2019,50.01,50.92,49.81,50.49,1096300
SRDX,22-Mar-2019,45.69,45.95,41.22,41.77,114800
SRET,22-Mar-2019,14.92,14.92,14.774,14.78,98600
SREV,22-Mar-2019,0.9187,0.9236,0.8805,0.8904,455300
SRNE,22-Mar-2019,5.61,6.5,4.67,5.94,29639100
SRPT,22-Mar-2019,125.61,127.35,122.25,122.26,1216600
SRRA,22-Mar-2019,1.91,1.94,1.85,1.87,101700
SRRK,22-Mar-2019,19,19.195,18.31,18.51,127600
SRTS,22-Mar-2019,7.5,7.61,7.28,7.35,34400
SSB,22-Mar-2019,67.13,67.26,63.91,64.53,365100
SSBI,22-Mar-2019,11.33,11.33,11.07,11.27,1800
SSKN,22-Mar-2019,3.16,3.19,2.95,3,71700
SSNC,22-Mar-2019,63.36,63.7,61.78,62.14,1405700
SSNT,22-Mar-2019,3.05,3.1,3.05,3.0847,3900
SSP,22-Mar-2019,21.91,22.01,21.39,21.64,428400
SSRM,22-Mar-2019,12.8,13.18,12.8,13.06,876300
SSTI,22-Mar-2019,40.98,41.9157,38.76,38.86,209900
SSYS,22-Mar-2019,24.24,24.43,23.36,23.41,670300
STAA,22-Mar-2019,38.88,39.6,37.61,37.67,387500
STAF,22-Mar-2019,1.65,1.65,1.55,1.58,444000
STAY,22-Mar-2019,18.32,18.33,17.76,17.99,1219000
STBA,22-Mar-2019,38.89,39.22,37.3,37.33,150000
STCN,22-Mar-2019,2.05,2.05,1.97,1.99,21000
STFC,22-Mar-2019,33.02,33.12,32.1,32.17,33900
STIM,22-Mar-2019,16.6,16.6,14.4,14.5,133900
STKL,22-Mar-2019,3.56,3.6,3.41,3.5,291100
STKS,22-Mar-2019,3.24,3.24,3.02,3.05,2700
STLD,22-Mar-2019,35.46,35.62,33.89,33.97,1882500
STMP,22-Mar-2019,85.63,85.63,82.42,82.71,950100
STND,22-Mar-2019,28.52,28.73,28.2602,28.73,2100
STNE,22-Mar-2019,42.28,43.16,41.1124,41.82,2694100
STRA,22-Mar-2019,136.14,136.93,132.4,132.54,174400
STRL,22-Mar-2019,12.74,12.88,12.54,12.54,179100
STRM,22-Mar-2019,1.07,1.15,1.06,1.15,4300
STRO,22-Mar-2019,11.24,11.24,10.34,10.74,17200
STRS,22-Mar-2019,25.42,25.5,25,25.1,7400
STRT,22-Mar-2019,29.4,29.45,29.3,29.45,1600
STX,22-Mar-2019,48.64,48.88,46.895,46.93,3012800
STXB,22-Mar-2019,20.58,20.96,20.5,20.75,28500
SUMR,22-Mar-2019,0.7337,0.76,0.7202,0.76,13600
SUNS,22-Mar-2019,17.07,17.1,17,17.09,31800
SUNW,22-Mar-2019,3.36,3.5,3.0275,3.22,188100
SUPN,22-Mar-2019,37.73,38.38,35.63,35.66,772100
SURF,22-Mar-2019,4.25,4.66,4.16,4.17,46900
SUSB,22-Mar-2019,24.96,25,24.96,24.9865,54400
SUSC,22-Mar-2019,24.88,24.935,24.8181,24.885,19900
SVBI,22-Mar-2019,9.5,9.5935,9.391,9.45,30400
SVMK,22-Mar-2019,15.36,15.66,14.94,15.02,1708300
SVRA,22-Mar-2019,8,8.06,7.65,7.86,180100
SVVC,22-Mar-2019,13.423,13.7245,13.25,13.38,33100
SWAV,22-Mar-2019,34.79,34.79,33.01,34.52,109400
SWIR,22-Mar-2019,12.65,12.67,12.19,12.28,255200
SWKS,22-Mar-2019,85.63,85.84,82.42,82.59,2198500
SXTC,22-Mar-2019,6.18,6.549,6.02,6.13,359100
SYBT,22-Mar-2019,33.75,33.92,32,32.12,46300
SYBX,22-Mar-2019,7.85,8.15,7.45,7.61,63600
SYKE,22-Mar-2019,28.4,28.51,27.8,27.8,220300
SYNA,22-Mar-2019,33.49,33.62,32.71,32.72,714000
SYNC,22-Mar-2019,1.61,1.63,1.59,1.61,70700
SYNH,22-Mar-2019,51.77,51.92,49.84,50.35,649300
SYNL,22-Mar-2019,15.5,15.6999,15.06,15.06,18100
SYPR,22-Mar-2019,1.138,1.14,1.1,1.112,5300
SYRS,22-Mar-2019,9.47,9.6217,9.21,9.22,147100
TA,22-Mar-2019,4.35,4.35,4.18,4.27,77200
TACO,22-Mar-2019,10.01,10.08,9.77,9.9,283600
TACT,22-Mar-2019,8.9044,8.9445,8.66,8.705,12100
TAIT,22-Mar-2019,2.29,2.29,2.23,2.23,14200
TANH,22-Mar-2019,1.61,1.64,1.49,1.52,343200
TANNI,22-Mar-2019,25.45,25.58,25.45,25.58,2400
TANNL,22-Mar-2019,24.9584,24.989,24.83,24.86,6900
TANNZ,22-Mar-2019,25.43,25.5,25.31,25.31,4000
TAOP,22-Mar-2019,1.01,1.02,0.9911,1.01,47600
TAST,22-Mar-2019,9.97,10.06,9.57,9.66,212900
TATT,22-Mar-2019,6.43,6.43,6.43,6.43,0
TAYD,22-Mar-2019,12.61,12.61,12.4252,12.4252,1800
TBBK,22-Mar-2019,8.16,8.18,7.76,7.76,234100
TBIO,22-Mar-2019,9.93,9.96,8.96,8.96,122900
TBK,22-Mar-2019,29.02,29.38,27.73,28.31,152400
TBLT,22-Mar-2019,1.71,1.84,1.62,1.7,1268100
TBLTW,22-Mar-2019,0.2,0.25,0.2,0.25,600
TBNK,22-Mar-2019,26.71,26.81,26.39,26.54,22100
TBPH,22-Mar-2019,24.39,24.415,21.755,22.82,555400
TC,22-Mar-2019,6.74,6.78,6.5501,6.65,72700
TCBI,22-Mar-2019,54.49,54.64,52.25,53.14,2127400
TCBIL,22-Mar-2019,25.7606,25.91,25.7606,25.8,700
TCBIP,22-Mar-2019,25.58,25.69,25.58,25.69,2600
TCBK,22-Mar-2019,38.57,38.71,36.99,37.11,141700
TCCO,22-Mar-2019,3.12,3.19,3,3.11,54400
TCDA,22-Mar-2019,25.2,25.4,23.69,23.96,200700
TCFC,22-Mar-2019,29,29,28.15,28.48,6000
TCMD,22-Mar-2019,60.6,60.6356,54.305,55.57,700300
TCON,22-Mar-2019,1.46,1.48,1.35,1.47,444100
TCPC,22-Mar-2019,14.22,14.2579,14.06,14.12,170500
TCRD,22-Mar-2019,6.56,6.59,6.46,6.51,104500
TCRR,22-Mar-2019,19.1511,19.1511,17,17.53,50400
TCX,22-Mar-2019,80.31,80.74,79,79.04,60500
TDAC,22-Mar-2019,10.16,10.16,10.16,10.16,10100
TDACU,22-Mar-2019,10.3,10.31,10.3,10.31,2100
TDACW,22-Mar-2019,0.17,0.17,0.17,0.17,0
TDIV,22-Mar-2019,38.68,38.82,38.05,38.08,162300
TEAM,22-Mar-2019,114.69,115.0538,109.73,109.83,1433200
TECH,22-Mar-2019,199.52,200.35,192.09,192.34,193400
TEDU,22-Mar-2019,5.74,5.9,5.44,5.51,41400
TELL,22-Mar-2019,10.13,10.23,9.85,9.95,1357200
TENB,22-Mar-2019,32.38,32.73,30.51,30.56,604200
TENX,22-Mar-2019,1.96,2.15,1.8,1.84,1009100
TER,22-Mar-2019,40.33,40.72,39.59,39.61,3130400
TERP,22-Mar-2019,13.81,13.845,13.65,13.69,1006000
TESS,22-Mar-2019,16.09,16.4043,15.85,15.9099,13000
TEUM,22-Mar-2019,4.7,4.75,4.39,4.61,4586300
TFSL,22-Mar-2019,16.27,16.3,15.89,15.96,211500
TGA,22-Mar-2019,2.09,2.09,1.97,1.98,269900
TGLS,22-Mar-2019,7,7.1416,6.95,7.02,275600
TGTX,22-Mar-2019,7.37,7.45,6.82,6.83,2009300
TH,22-Mar-2019,9.81,9.86,9.77,9.785,9800
THCBU,22-Mar-2019,10.197,10.355,10.197,10.2,49400
THFF,22-Mar-2019,42.02,43.305,40.55,40.8,42300
THRM,22-Mar-2019,37.74,37.74,36.52,36.63,193600
THWWW,22-Mar-2019,1.4,1.5,1.4,1.4,16300
TIGO,22-Mar-2019,61.47,61.58,60.7,60.73,6900
TIGR,22-Mar-2019,10.24,11.37,10.11,10.82,4108100
TILE,22-Mar-2019,15.81,15.8499,14.89,14.9,420100
TIPT,22-Mar-2019,6.27,6.28,6.2,6.21,73500
TITN,22-Mar-2019,20.24,20.345,19.04,19.06,165600
TLC,22-Mar-2019,5.86,5.86,5.83,5.83,500
TLF,22-Mar-2019,6.16,6.25,6.15,6.25,1400
TLGT,22-Mar-2019,1.26,1.26,1.15,1.16,648100
TLND,22-Mar-2019,50.49,51.16,49.18,49.45,300800
TLRY,22-Mar-2019,69.74,69.88,66.5,67.16,1610500
TLSA,22-Mar-2019,5.81,5.81,5.81,5.81,0
TLT,22-Mar-2019,124.21,125.28,124.06,124.86,13077000
TMDI,22-Mar-2019,3,3.03,2.92,3,215600
TMUS,22-Mar-2019,71.93,72.47,71.81,71.9,3265900
TNAV,22-Mar-2019,6.82,6.9,6.33,6.36,279300
TNDM,22-Mar-2019,73.5,74.77,68.6901,68.76,2146900
TNXP,22-Mar-2019,24.8,25.699,23.2,23.2,596900
TOPS,22-Mar-2019,18.3,18.8,16.72,16.996,2246500
TORC,22-Mar-2019,6.55,6.85,6.39,6.47,305300
TOTA,22-Mar-2019,10.05,10.08,10.05,10.08,4000
TOTAR,22-Mar-2019,0.36,0.36,0.36,0.36,100
TOUR,22-Mar-2019,4.87,5,4.77,4.84,30800
TOWN,22-Mar-2019,25.15,25.1643,23.93,23.96,163400
TPCO,22-Mar-2019,11.63,11.8527,11.11,11.12,99100
TPIC,22-Mar-2019,29.12,30.2,29.1,29.13,781300
TQQQ,22-Mar-2019,58.87,59.35,55.5401,55.75,33450100
TRCH,22-Mar-2019,1.7,1.74,1.5,1.71,769300
TREE,22-Mar-2019,338.8,340.99,329.7,330.64,138700
TRHC,22-Mar-2019,64.05,64.375,59.325,59.64,448500
TRIB,22-Mar-2019,2.89,2.89,2.4,2.4,135300
TRIL,22-Mar-2019,0.7,0.7287,0.66,0.66,1157000
TRIP,22-Mar-2019,52.18,52.38,50.63,50.75,1753600
TRMB,22-Mar-2019,40.6,40.69,39.32,39.43,1266100
TRMD,22-Mar-2019,7.4374,7.4374,7.4374,7.4374,0
TRMK,22-Mar-2019,32.8,32.84,31.65,31.95,833100
TRMT,22-Mar-2019,8.7001,8.877,8.7,8.7,1700
TRNS,22-Mar-2019,23.49,23.98,23.25,23.52,7800
TROW,22-Mar-2019,101.49,101.68,98.36,98.76,1243000
TRS,22-Mar-2019,31.35,31.35,29.79,29.8,108600
TRST,22-Mar-2019,7.83,7.88,7.47,7.51,441500
TRUE,22-Mar-2019,6.72,6.81,6.44,6.52,910200
TRUP,22-Mar-2019,31.63,31.63,29.5901,29.72,236400
TRVG,22-Mar-2019,4.68,4.7,4.41,4.47,496800
TRVN,22-Mar-2019,1.68,1.73,1.67,1.7,863300
TSBK,22-Mar-2019,27.59,27.88,26.86,26.86,17500
TSC,22-Mar-2019,20.5,20.5,19.21,19.22,305400
TSCAP,22-Mar-2019,26.15,26.15,26,26.0001,3100
TSCO,22-Mar-2019,93.91,94.4,92.47,92.68,895900
TSEM,22-Mar-2019,16.87,16.94,16.685,16.76,748000
TSLA,22-Mar-2019,272.58,272.8,264,264.53,8745600
TSRI,22-Mar-2019,4.9426,4.9426,4.9426,4.9426,400
TTD,22-Mar-2019,212.65,214.6985,201.2273,202.91,1497800
TTEC,22-Mar-2019,35.97,36.3,34.53,34.53,54300
TTEK,22-Mar-2019,59.28,59.28,57.82,57.84,253300
TTGT,22-Mar-2019,16.84,17.08,16.24,16.25,327300
TTMI,22-Mar-2019,12,12.0399,11.55,11.74,1293800
TTNP,22-Mar-2019,1.88,1.89,1.8,1.86,308100
TTOO,22-Mar-2019,2.92,3,2.78,2.91,1015000
TTPH,22-Mar-2019,26,26,24.4,24.6,648600
TTTN,22-Mar-2019,27.89,27.89,27.525,27.525,1100
TTWO,22-Mar-2019,98.89,100.435,95.8,96.02,1850200
TUR,22-Mar-2019,25.93,25.93,24.16,24.24,1861400
TURN,22-Mar-2019,1.9,1.9138,1.89,1.89,13600
TUSA,22-Mar-2019,33.3301,33.3301,32.91,32.91,900
TUSK,22-Mar-2019,18.1,18.225,17.03,17.32,301400
TVTY,22-Mar-2019,17.13,17.21,16.44,17.07,1265600
TWIN,22-Mar-2019,16.61,17.08,16.265,16.78,59600
TWMC,22-Mar-2019,9.44,9.536,8.458,8.704,8100
TWNK,22-Mar-2019,12.03,12.19,11.94,11.96,724700
TWNKW,22-Mar-2019,1.13,1.22,1.13,1.2,97900
TWOU,22-Mar-2019,68.79,69.42,65.5,66.06,811500
TWST,22-Mar-2019,23,23.19,21.5,22.03,40900
TXMD,22-Mar-2019,5.41,5.5,5.17,5.19,3460900
TXN,22-Mar-2019,111.72,112.41,109.53,109.68,3773400
TXRH,22-Mar-2019,60.66,61.2,60.37,60.6,601800
TYHT,22-Mar-2019,1.21,1.21,1.07,1.1,733900
TYME,22-Mar-2019,2.26,2.27,2.03,2.06,342200
TZAC,22-Mar-2019,10.09,10.09,10.09,10.09,0
TZACW,22-Mar-2019,0.17,0.17,0.17,0.17,600
TZOO,22-Mar-2019,13.71,14.1119,13.2258,13.84,53800
UAE,22-Mar-2019,14.59,14.6,14.41,14.435,5800
UAL,22-Mar-2019,80.64,80.77,78.75,79.63,3160000
UBCP,22-Mar-2019,11,11.03,10.92,10.92,6300
UBFO,22-Mar-2019,10.26,10.3045,9.79,9.79,20400
UBOH,22-Mar-2019,23.69,23.69,23.69,23.69,0
UBSI,22-Mar-2019,35.71,35.71,34.09,34.26,451700
UBX,22-Mar-2019,8.16,8.6184,7.9,8,243000
UCBI,22-Mar-2019,24.63,24.705,23.26,23.56,1069100
UCTT,22-Mar-2019,11.05,11.0865,10.62,10.62,801500
UEIC,22-Mar-2019,35.53,35.72,34.92,35.14,182100
UEPS,22-Mar-2019,3.91,3.91,3.74,3.78,285700
UFCS,22-Mar-2019,44.52,44.52,43.25,43.31,78700
UFPI,22-Mar-2019,30.66,30.75,29.21,29.22,274900
UFPT,22-Mar-2019,35.08,35.825,35,35.17,26700
UG,22-Mar-2019,19,19.1694,18.6,18.8461,14000
UHAL,22-Mar-2019,368.3,368.3,355.56,359,30400
UIHC,22-Mar-2019,16,16,15.56,15.8,127800
ULBI,22-Mar-2019,9.5301,10.161,9.5301,9.68,24000
ULH,22-Mar-2019,19.06,19.0957,18.34,18.34,68300
ULTA,22-Mar-2019,334.18,336.07,328.6343,330.52,695000
UMBF,22-Mar-2019,63.39,63.9,61.08,61.83,328800
UMPQ,22-Mar-2019,16.4,16.47,15.62,15.99,3746200
UMRX,22-Mar-2019,4.51,4.8264,4.355,4.4,176900
UNAM,22-Mar-2019,5.89,6.4,5.86,6,2300
UNB,22-Mar-2019,45.2001,45.41,45.2001,45.26,2500
UNIT,22-Mar-2019,10.12,10.15,9.75,9.89,4703900
UNTY,22-Mar-2019,19.28,19.28,18.75,18.75,12500
UONE,22-Mar-2019,2.09,2.09,2.09,2.09,0
UONEK,22-Mar-2019,2,2.01,1.98,2,26100
UPLD,22-Mar-2019,41.67,42.1759,40.44,40.62,265800
UPWK,22-Mar-2019,20.15,20.462,19.89,19.9,336800
URBN,22-Mar-2019,28,28.19,27.82,27.92,2449700
URGN,22-Mar-2019,36.7,36.7,34.63,35.47,93100
UROV,22-Mar-2019,11.01,11.35,10.52,11.27,151200
USAK,22-Mar-2019,15.08,15.19,14.62,14.64,90600
USAP,22-Mar-2019,17,17.12,16.11,16.11,74100
USAU,22-Mar-2019,0.85,0.89,0.85,0.8572,37000
USCR,22-Mar-2019,43.5,43.5,40.52,40.75,642900
USEG,22-Mar-2019,0.8,0.86,0.79,0.8,19800
USIG,22-Mar-2019,54.91,55.05,54.885,55.04,211700
USLB,22-Mar-2019,31.722,31.722,31.43,31.4319,143400
USLM,22-Mar-2019,74.495,75.6,74.495,74.82,2500
USMC,22-Mar-2019,28.02,28.11,27.8754,27.9209,4800
USOI,22-Mar-2019,23,23,22.6587,22.8973,4300
USWS,22-Mar-2019,8.2,8.235,7.57,7.74,75700
USWSW,22-Mar-2019,1.05,1.0553,0.9873,0.9873,1500
UTHR,22-Mar-2019,122.61,123.875,120.68,120.8,275400
UTMD,22-Mar-2019,83.47,84,80.2204,80.49,9400
UTSI,22-Mar-2019,3.78,3.78,3.76,3.78,1100
UVSP,22-Mar-2019,24.23,24.255,23.34,23.41,139900
UXIN,22-Mar-2019,3.62,3.7,3.33,3.37,5374500
VALU,22-Mar-2019,23.48,23.53,21.9357,22.01,4000
VBFC,22-Mar-2019,32.763,32.763,32.763,32.763,0
VBIV,22-Mar-2019,1.96,2.0001,1.924,1.97,182900
VBLT,22-Mar-2019,1.63,1.65,1.55,1.61,117200
VBTX,22-Mar-2019,24.1,24.19,23.04,23.3,440900
VC,22-Mar-2019,71.6,71.85,68.4,68.48,524700
VCEL,22-Mar-2019,19.16,19.23,18.09,18.18,507700
VCIT,22-Mar-2019,86.49,86.69,86.465,86.6,1355100
VCLT,22-Mar-2019,90.16,90.58,90,90.5,249200
VCNX,22-Mar-2019,5,5,4.5901,4.919,15700
VCSH,22-Mar-2019,79.55,79.66,79.51,79.63,1624800
VCTR,22-Mar-2019,15.31,15.34,14.22,14.76,117600
VCYT,22-Mar-2019,24.24,24.95,23.87,24.46,1355300
VECO,22-Mar-2019,11.83,11.89,11.31,11.31,399400
VEON,22-Mar-2019,2.52,2.54,2.46,2.47,3601800
VERI,22-Mar-2019,6.58,6.65,6.17,6.28,539900
VERU,22-Mar-2019,1.59,1.63,1.55,1.59,130800
VETS,22-Mar-2019,27.48,27.48,27.48,27.48,0
VFF,22-Mar-2019,17.45,18.1,16.16,16.36,2880600
VGIT,22-Mar-2019,64.22,64.415,64.22,64.35,467100
VGLT,22-Mar-2019,76.43,77.05,76.345,76.85,552300
VGSH,22-Mar-2019,60.32,60.39,60.31,60.36,814400
VIAV,22-Mar-2019,12.26,12.31,12.04,12.12,2638500
VICR,22-Mar-2019,32.46,32.5743,30.94,30.95,149500
VIGI,22-Mar-2019,64.33,64.4075,63.72,63.8,57800
VIOT,22-Mar-2019,11.37,11.58,10.75,11.36,46600
VIRC,22-Mar-2019,4.11,4.14,4.11,4.1271,800
VIRT,22-Mar-2019,23.72,24.54,23.21,24.39,753900
VISL,22-Mar-2019,3.4,3.613,3.21,3.25,42100
VIVE,22-Mar-2019,100,102,91.64,95,129600
VIVO,22-Mar-2019,17.03,17.2,16.83,16.83,267600
VKTX,22-Mar-2019,9.16,9.26,8.25,8.26,3944300
VKTXW,22-Mar-2019,6.84,6.84,6.84,6.84,200
VLGEA,22-Mar-2019,28.21,29.13,27.7,27.81,29700
VLY,22-Mar-2019,9.75,9.76,9.34,9.36,2964600
VLYPO,22-Mar-2019,25.19,25.22,24.94,25.06,10000
VLYPP,22-Mar-2019,26.84,27.07,26.719,27.07,2200
VMBS,22-Mar-2019,52.21,52.31,52.19,52.26,989100
VNDA,22-Mar-2019,18.34,18.34,17.55,17.59,695400
VNET,22-Mar-2019,8.49,8.54,8.345,8.37,278200
VNOM,22-Mar-2019,33.72,33.72,32.19,32.61,289100
VNQI,22-Mar-2019,58.89,58.89,58.5,58.5,1043200
VOD,22-Mar-2019,19.13,19.19,18.8935,18.94,9118800
VONE,22-Mar-2019,130.59,130.71,128.76,128.83,51800
VONG,22-Mar-2019,156.38,156.79,153.77,153.93,78000
VONV,22-Mar-2019,108.8,108.81,107.2628,107.36,79500
VOXX,22-Mar-2019,4.67,4.67,4.48,4.63,23300
VRA,22-Mar-2019,12.77,12.94,12.38,12.38,305000
VRAY,22-Mar-2019,8.45,8.53,8.31,8.36,854300
VRCA,22-Mar-2019,12.17,12.22,11.42,11.54,50100
VREX,22-Mar-2019,34.07,34.34,33.39,33.45,268200
VRIG,22-Mar-2019,24.86,24.88,24.83,24.87,30100
VRNA,22-Mar-2019,6.68,6.75,6.4119,6.7181,2600
VRNS,22-Mar-2019,62.73,62.74,60.08,60.16,256000
VRNT,22-Mar-2019,52.58,52.74,50.91,50.95,388000
VRRM,22-Mar-2019,10.19,10.66,10.17,10.46,306100
VRSK,22-Mar-2019,129.3,129.65,128.625,128.89,629200
VRSN,22-Mar-2019,184.33,185.39,181.49,181.67,432000
VRTS,22-Mar-2019,99.84,101,95.31,96.45,72500
VRTU,22-Mar-2019,54.33,54.37,51.87,51.96,91600
VRTX,22-Mar-2019,182.07,183.85,181.04,181.53,1612300
VSAT,22-Mar-2019,76.45,76.65,75.365,75.76,313600
VSDA,22-Mar-2019,30.8801,30.9063,30.8801,30.9063,1400
VSEC,22-Mar-2019,32.44,32.74,29.59,29.81,49300
VSMV,22-Mar-2019,29.32,29.32,29.16,29.16,7200
VSTM,22-Mar-2019,3.47,3.5368,3.2,3.24,2422500
VTC,22-Mar-2019,83.15,83.455,83.15,83.385,9100
VTGN,22-Mar-2019,1.29,1.32,1.26,1.28,263200
VTHR,22-Mar-2019,130.36,130.46,128.16,128.16,6600
VTIP,22-Mar-2019,48.68,48.71,48.6601,48.71,604600
VTNR,22-Mar-2019,1.58,1.65,1.57,1.63,126500
VTSI,22-Mar-2019,4.49,4.49,4.32,4.4182,7900
VTVT,22-Mar-2019,1.75,1.78,1.71,1.74,291300
VTWG,22-Mar-2019,144.75,145.1,139.86,139.86,26800
VTWO,22-Mar-2019,124.14,124.34,120.43,120.51,74200
VTWV,22-Mar-2019,104.91,104.91,102.06,102.06,60500
VUZI,22-Mar-2019,3.5,3.5067,3.2,3.26,307000
VVPR,22-Mar-2019,1.51,1.5195,1.35,1.46,94700
VVUS,22-Mar-2019,4.44,4.513,4.145,4.29,89200
VWOB,22-Mar-2019,77.95,77.97,77.76,77.9,266100
VXRT,22-Mar-2019,2.05,2.17,1.97,2,328900
VXUS,22-Mar-2019,52.11,52.16,51.57,51.57,1017100
VYGR,22-Mar-2019,18.64,19.25,17.82,17.97,657200
VYMI,22-Mar-2019,61.63,61.7,61.05,61.13,79700
WABC,22-Mar-2019,60.52,60.71,58.87,59.33,152800
WAFD,22-Mar-2019,28.85,28.975,28.06,28.1,609700
WASH,22-Mar-2019,48.25,48.25,46.21,46.34,43400
WATT,22-Mar-2019,6.3,6.33,5.92,6.03,1044100
WB,22-Mar-2019,60.32,61.181,58.59,58.7,2016800
WBA,22-Mar-2019,63.63,63.94,62.385,62.41,4855300
WBND,22-Mar-2019,26.18,26.18,26.18,26.18,0
WDAY,22-Mar-2019,196.25,196.953,190.71,191.08,1367400
WDC,22-Mar-2019,51.25,51.45,48.37,48.39,8670700
WDFC,22-Mar-2019,173.12,174.95,168.79,169.97,110800
WEN,22-Mar-2019,16.56,16.61,16.37,16.47,3751800
WERN,22-Mar-2019,33.22,33.49,32.85,32.86,717700
WETF,22-Mar-2019,7.14,7.18,6.89,7.07,1111600
WEYS,22-Mar-2019,32.16,32.27,31.218,31.93,24400
WHF,22-Mar-2019,14.37,14.48,14.25,14.33,154200
WHFBZ,22-Mar-2019,25.66,25.82,25.4966,25.529,6100
WHLM,22-Mar-2019,5.985,5.985,5.985,5.985,0
WHLR,22-Mar-2019,1.93,1.9336,1.701,1.92,23200
WHLRD,22-Mar-2019,12.9424,12.9424,12.82,12.82,500
WHLRP,22-Mar-2019,10.97,11.17,10.86,10.86,1500
WIFI,22-Mar-2019,21.97,22.64,21.97,22.02,673700
WILC,22-Mar-2019,7.9101,8.289,7.9101,8.2501,8000
WINA,22-Mar-2019,166.755,166.755,159.02,161.04,6200
WINC,22-Mar-2019,25.4097,25.4097,25.4097,25.4097,100
WING,22-Mar-2019,72.52,73.97,72.33,72.36,411200
WINS,22-Mar-2019,24.54,24.7,23.57,24.7,1600
WIRE,22-Mar-2019,59.3,59.3,56.47,56.49,124500
WISA,22-Mar-2019,2.2907,2.45,2.2907,2.4,21700
WIX,22-Mar-2019,121.82,123.24,117.605,117.98,957400
WKHS,22-Mar-2019,0.75,0.7899,0.72,0.766,156000
WLDN,22-Mar-2019,35.15,35.48,34.54,34.63,58700
WLFC,22-Mar-2019,41.36,42.21,39.91,39.91,17100
WLTW,22-Mar-2019,173.03,175.04,172.58,174.61,651800
WMGI,22-Mar-2019,32.23,32.38,31.41,31.62,868900
WNEB,22-Mar-2019,9.45,9.54,8.91,8.91,45800
WOOD,22-Mar-2019,63.72,63.87,62.56,62.56,13300
WORX,22-Mar-2019,7.14,7.593,7.0501,7.49,9900
WPRT,22-Mar-2019,1.49,1.53,1.47,1.49,478300
WRLD,22-Mar-2019,112.44,113.99,108.47,109.73,61000
WRTC,22-Mar-2019,6.05,6.65,6.05,6.54,129300
WSBC,22-Mar-2019,39.37,39.52,37.5193,37.69,207000
WSBF,22-Mar-2019,15.98,16.11,15.55,15.59,161900
WSC,22-Mar-2019,11.78,12.02,11.33,11.36,1223400
WSFS,22-Mar-2019,39.52,39.58,37.39,37.51,256600
WSTG,22-Mar-2019,11.4735,11.4735,11.3,11.3,1600
WSTL,22-Mar-2019,2.14,2.15,2.11,2.115,19800
WTBA,22-Mar-2019,20.44,20.475,19.55,19.55,58000
WTER,22-Mar-2019,2.78,2.8,2.71,2.71,311200
WTFC,22-Mar-2019,66.82,67.14,63.98,64.3,734800
WTFCM,22-Mar-2019,27.97,28,27.9374,28,2500
WTRH,22-Mar-2019,12.69,12.99,11.88,12.33,776300
WVE,22-Mar-2019,43.85,44.81,41.63,41.95,185200
WVFC,22-Mar-2019,17.81,17.81,17.81,17.81,100
WVVI,22-Mar-2019,7.25,7.45,7.2324,7.27,3800
WVVIP,22-Mar-2019,4.4712,4.4712,4.4712,4.4712,0
WWD,22-Mar-2019,96.49,97.3,93.07,93.16,375300
WWR,22-Mar-2019,7.5,7.575,7.36,7.575,268100
WYNN,22-Mar-2019,120.01,120.2562,116.04,116.91,1706700
XBIO,22-Mar-2019,24.48,24.48,23.16,23.16,26600
XBIT,22-Mar-2019,11.62,11.62,10.5322,10.94,167200
XEL,22-Mar-2019,56.78,57.51,56.64,57.07,2899100
XELA,22-Mar-2019,3.37,3.43,3.25,3.27,122500
XELB,22-Mar-2019,1.6,1.71,1.59,1.71,48200
XENE,22-Mar-2019,10.42,10.4799,9.63,9.81,184300
XENT,22-Mar-2019,33.17,33.17,31.25,31.42,252600
XERS,22-Mar-2019,10.1,10.3,9.92,10,158800
XFOR,22-Mar-2019,23.07,23.93,20.03,20.49,31300
XLNX,22-Mar-2019,129.81,129.96,126.21,126.89,3047800
XLRN,22-Mar-2019,46.87,47.37,44.1,44.16,359000
XNCR,22-Mar-2019,31.86,31.86,29.93,29.94,254800
XNET,22-Mar-2019,3.87,3.88,3.61,3.63,609700
XOMA,22-Mar-2019,13.12,13.485,12.43,13.11,112800
XONE,22-Mar-2019,9.6,9.6,8.75,8.76,170100
XPER,22-Mar-2019,24.15,24.24,23.09,23.09,389800
XRAY,22-Mar-2019,49.76,50.07,49.13,49.24,1004500
XSPA,22-Mar-2019,3.27,3.3,3.1,3.11,48900
XT,22-Mar-2019,38.32,38.34,37.7,37.7,106400
XTLB,22-Mar-2019,2.2527,2.2527,2.2527,2.2527,100
YGYI,22-Mar-2019,6.67,6.68,6.12,6.25,82400
YI,22-Mar-2019,6.96,7.1652,6.75,6.98,75500
YIN,22-Mar-2019,6.51,6.6,6.3717,6.45,17400
YLCO,22-Mar-2019,12.79,12.82,12.66,12.715,15600
YLDE,22-Mar-2019,29.04,29.04,29.04,29.04,700
YMAB,22-Mar-2019,25,25.01,22.68,23.36,63100
YNDX,22-Mar-2019,35.5,35.79,34.825,35.31,1935900
YORW,22-Mar-2019,34.36,34.6399,33.53,33.53,25600
YRCW,22-Mar-2019,7.1,7.22,6.51,6.65,1337600
YTEN,22-Mar-2019,1.17,1.3301,1.17,1.236,98800
YTRA,22-Mar-2019,5,5.11,4.89,5.06,231800
YVR,22-Mar-2019,3.85,3.85,3.5,3.6,85900
YY,22-Mar-2019,82.69,83.25,79.12,79.64,1334800
Z,22-Mar-2019,35.93,36.86,35.6,35.71,2282400
ZAGG,22-Mar-2019,9.55,9.58,9.22,9.24,680500
ZBRA,22-Mar-2019,218.02,218.75,207,207.24,534500
ZEAL,22-Mar-2019,18.1,18.1,17.9,17.9,6000
ZEUS,22-Mar-2019,16.67,16.81,15.51,15.55,145900
ZG,22-Mar-2019,35.48,36.22,35.02,35.1,704200
ZGNX,22-Mar-2019,54.17,54.62,52.4,52.66,500900
ZION,22-Mar-2019,45.47,45.6,43.18,43.64,5934900
ZIOP,22-Mar-2019,4.37,4.44,3.95,4.07,2238200
ZIXI,22-Mar-2019,6.86,6.9,6.6,6.66,416800
ZKIN,22-Mar-2019,1.43,1.45,1.41,1.44,98600
ZLAB,22-Mar-2019,29.7,29.83,29.0033,29.11,65500
ZN,22-Mar-2019,0.82,0.82,0.72,0.7281,577200
ZNGA,22-Mar-2019,5.44,5.44,5.27,5.29,6833800
ZS,22-Mar-2019,69.9,70.9,65.43,66.01,3158900
ZSAN,22-Mar-2019,5.22,5.4,5.03,5.09,677200
ZUMZ,22-Mar-2019,23.05,23.27,22.36,22.51,396700
ZYNE,22-Mar-2019,6.11,6.14,5.66,5.78,946700
ZYXI,22-Mar-2019,4.46,4.5,4.451,4.5,11900
